<?xml version="1.0" encoding="utf-8"?>
<COLLADA xmlns="http://www.collada.org/2005/11/COLLADASchema" version="1.4.1">
 
<library_controllers>
    <controller id="mesh01FBXASC045faceFBXASC046001Controller">
      <skin source="#mesh01FBXASC045faceFBXASC046001-lib">
        <bind_shape_matrix> 1.000000 -0.000000 0.000000 0.000000 0.000000 1.000000 -0.000000 0.000000 0.000000 0.000000 1.000000 0.000000 0.000000 0.000000 0.000000 1.000000
</bind_shape_matrix>
        <source id="mesh01FBXASC045faceFBXASC046001Controller-Joints">
          <Name_array id="mesh01FBXASC045faceFBXASC046001Controller-Joints-array" count="52">
 mixamorig_Head mixamorig_Neck mixamorig_RightHand
mixamorig_RightHandMiddle1 mixamorig_RightHandMiddle2 mixamorig_RightHandMiddle3
mixamorig_RightHandIndex1 mixamorig_RightHandIndex2 mixamorig_RightForeArm
mixamorig_RightHandRing1 mixamorig_RightHandPinky1 mixamorig_RightHandPinky2
mixamorig_RightHandThumb1 mixamorig_RightHandThumb2 mixamorig_RightHandPinky3
mixamorig_RightHandRing2 mixamorig_RightHandRing3 mixamorig_RightHandIndex3
mixamorig_RightHandThumb3 mixamorig_Hips mixamorig_Spine mixamorig_RightUpLeg mixamorig_LeftUpLeg
mixamorig_RightArm mixamorig_Spine1 mixamorig_Spine2 mixamorig_RightShoulder
mixamorig_RightLeg mixamorig_LeftArm mixamorig_LeftForeArm mixamorig_LeftHand
mixamorig_LeftHandThumb1 mixamorig_LeftShoulder mixamorig_LeftLeg mixamorig_LeftHandPinky1
mixamorig_LeftHandMiddle1 mixamorig_LeftHandMiddle2 mixamorig_LeftHandMiddle3
mixamorig_LeftHandRing1 mixamorig_LeftHandPinky2 mixamorig_LeftHandIndex1
mixamorig_LeftHandThumb2 mixamorig_LeftHandThumb3 mixamorig_LeftHandPinky3
mixamorig_LeftHandRing2 mixamorig_LeftHandRing3 mixamorig_LeftHandIndex2
mixamorig_LeftHandIndex3 mixamorig_LeftFoot mixamorig_LeftToeBase mixamorig_RightFoot
mixamorig_RightToeBase 
</Name_array>
</library_controllers>
 <asset>
    <contributor>
      <author/>
      <authoring_tool>FBX COLLADA exporter</authoring_tool>
      <comments/>
    </contributor>
    <created>2021-01-13T11:54:43Z</created>
    <keywords/>
    <modified>2021-01-13T11:54:43Z</modified>
    <revision/>
    <subject/>
    <title/>
    <unit meter="0.010000" name="centimeter"/>
    <up_axis>Y_UP</up_axis>
  </asset>
  <library_animations>
    <animation id="mixamorig_Hips-anim" name="mixamorig_Hips">
      <animation>
        <source id="mixamorig_Hips-Matrix-animation-input">
          <float_array id="mixamorig_Hips-Matrix-animation-input-array" count="51">

0.000000 0.033333 0.066667 0.100000 0.133333 0.166667 0.200000 0.233333 0.266667 0.300000 0.333333 0.366667 0.400000 0.433333 0.466667 0.500000
0.533333 0.566667 0.600000 0.633333 0.666667 0.700000 0.733333 0.766667 0.800000 0.833333 0.866667 0.900000 0.933333 0.966667 1.000000 1.033333
1.066667 1.100000 1.133333 1.166667 1.200000 1.233333 1.266667 1.300000 1.333333 1.366667 1.400000 1.433333 1.466667 1.500000 1.533333 1.566667
1.600000 1.633333 1.666667</float_array>
          <technique_common>
            <accessor source="#mixamorig_Hips-Matrix-animation-input-array" count="51">
              <param name="TIME" type="float"/>
            </accessor>
          </technique_common>
        </source>
        <source id="mixamorig_Hips-Matrix-animation-output-transform">
          <float_array id="mixamorig_Hips-Matrix-animation-output-transform-array" count="816">

0.817430 -0.026906 -0.575399 0.000553 -0.057495 0.990109 -0.127977 0.945610 0.573152 0.137695 0.807797 0.003623 0.000000 0.000000 0.000000 1.000000
0.808457 -0.030910 -0.587744 0.002941 -0.055893 0.990075 -0.128951 0.948481 0.585896 0.137102 0.798705 -0.001000 0.000000 0.000000 0.000000 1.000000
0.799187 -0.040463 -0.599719 0.006978 -0.049291 0.989959 -0.132479 0.951839 0.599058 0.135436 0.789168 -0.005734 0.000000 0.000000 0.000000 1.000000
0.793874 -0.059971 -0.605118 0.013414 -0.035263 0.988910 -0.144271 0.956021 0.607059 0.135871 0.782955 -0.011671 0.000000 0.000000 0.000000 1.000000
0.795649 -0.090340 -0.598983 0.022160 -0.014368 0.985724 -0.167755 0.960671 0.605587 0.142080 0.782993 -0.019544 0.000000 0.000000 0.000000 1.000000
0.802880 -0.123252 -0.583260 0.031619 0.006718 0.980202 -0.197884 0.964297 0.596103 0.154959 0.787812 -0.028357 0.000000 0.000000 0.000000 1.000000
0.810960 -0.143010 -0.567355 0.038904 0.016591 0.974900 -0.222023 0.965493 0.584866 0.170639 0.792978 -0.035647 0.000000 0.000000 0.000000 1.000000
0.816712 -0.135797 -0.560839 0.041572 0.005168 0.973597 -0.228214 0.963919 0.577023 0.183487 0.795850 -0.038969 0.000000 0.000000 0.000000 1.000000
0.819393 -0.098174 -0.564762 0.039381 -0.028900 0.976897 -0.211746 0.959380 0.572503 0.189825 0.797625 -0.036045 0.000000 0.000000 0.000000 1.000000
0.822802 -0.039012 -0.566987 0.034165 -0.073740 0.981880 -0.174568 0.952091 0.563524 0.185445 0.805016 -0.024027 0.000000 0.000000 0.000000 1.000000
0.836301 0.033285 -0.547259 0.027833 -0.117756 0.985766 -0.119997 0.942849 0.535474 0.164797 0.828317 0.001514 0.000000 0.000000 0.000000 1.000000
0.867747 0.117659 -0.482879 0.020546 -0.160465 0.985867 -0.048141 0.935716 0.470390 0.119259 0.874364 0.043630 0.000000 0.000000 0.000000 1.000000
0.910059 0.214811 -0.354470 0.012570 -0.214141 0.975915 0.041631 0.938645 0.354875 0.038020 0.934141 0.100166 0.000000 0.000000 0.000000 1.000000
0.935392 0.315650 -0.159394 0.006950 -0.294952 0.945099 0.140685 0.956179 0.195050 -0.084582 0.977139 0.164100 0.000000 0.000000 0.000000 1.000000
0.914117 0.397079 0.081962 0.008387 -0.405117 0.886323 0.224304 0.985675 0.016422 -0.238245 0.971066 0.226043 0.000000 0.000000 0.000000 1.000000
0.834257 0.436449 0.336938 0.019071 -0.528479 0.807216 0.262892 1.019427 -0.157243 -0.397384 0.904080 0.277284 0.000000 0.000000 0.000000 1.000000
0.694283 0.432286 0.575412 0.036463 -0.648029 0.723305 0.238511 1.049651 -0.313093 -0.538478 0.782313 0.313193 0.000000 0.000000 0.000000 1.000000
0.494462 0.400792 0.771279 0.056669 -0.751114 0.643574 0.147104 1.070960 -0.437417 -0.652057 0.619264 0.334172 0.000000 0.000000 0.000000 1.000000
0.246516 0.358501 0.900393 0.077053 -0.822328 0.569012 -0.001415 1.076764 -0.512842 -0.740069 0.435076 0.341716 0.000000 0.000000 0.000000 1.000000
-0.007397 0.315888 0.948767 0.091202 -0.848245 0.500467 -0.173242 1.063518 -0.529552 -0.806069 0.264249 0.338275 0.000000 0.000000 0.000000 1.000000
-0.198973 0.288860 0.936466 0.089684 -0.843511 0.435980 -0.313703 1.037942 -0.498896 -0.852339 0.156908 0.331613 0.000000 0.000000 0.000000 1.000000
-0.275579 0.296282 0.914479 0.069278 -0.849471 0.370229 -0.375939 1.015509 -0.449951 -0.880425 0.149656 0.332342 0.000000 0.000000 0.000000 1.000000
-0.240589 0.339546 0.909299 0.039291 -0.886396 0.304860 -0.348369 1.005359 -0.395496 -0.889814 0.227626 0.344088 0.000000 0.000000 0.000000 1.000000
-0.156816 0.391608 0.906671 0.014744 -0.926684 0.259151 -0.272209 1.006187 -0.341564 -0.882884 0.322258 0.368458 0.000000 0.000000 0.000000 1.000000
-0.098515 0.403219 0.909785 -0.003687 -0.955108 0.218373 -0.200206 1.001925 -0.279400 -0.888666 0.363604 0.381666 0.000000 0.000000 0.000000 1.000000
-0.115230 0.347136 0.930708 -0.008387 -0.959897 0.202156 -0.194244 0.999367 -0.255578 -0.915767 0.309921 0.397615 0.000000 0.000000 0.000000 1.000000
-0.213379 0.222747 0.951238 0.003624 -0.944179 0.203122 -0.259360 0.999182 -0.250989 -0.953481 0.166971 0.415265 0.000000 0.000000 0.000000 1.000000
-0.371144 0.059039 0.926697 0.031433 -0.899572 0.224617 -0.374591 1.000561 -0.230267 -0.972657 -0.030255 0.432897 0.000000 0.000000 0.000000 1.000000
-0.570719 -0.107775 0.814042 0.072137 -0.803351 0.278548 -0.526345 0.997206 -0.170023 -0.954357 -0.245553 0.446358 0.000000 0.000000 0.000000 1.000000
-0.774806 -0.253334 0.579221 0.117981 -0.630874 0.369110 -0.682463 0.985531 -0.040905 -0.894193 -0.445810 0.449686 0.000000 0.000000 0.000000 1.000000
-0.903328 -0.362569 0.229223 0.161321 -0.393018 0.485470 -0.780932 0.967907 0.171861 -0.795527 -0.581034 0.440983 0.000000 0.000000 0.000000 1.000000
-0.892721 -0.426334 -0.145901 0.197534 -0.161494 0.604987 -0.779686 0.948862 0.420675 -0.672480 -0.608936 0.422766 0.000000 0.000000 0.000000 1.000000
-0.779448 -0.450148 -0.435694 0.224523 -0.010448 0.704721 -0.709407 0.931631 0.626381 -0.548393 -0.553996 0.398765 0.000000 0.000000 0.000000 1.000000
-0.648346 -0.452807 -0.612057 0.243152 0.058506 0.771906 -0.633039 0.919185 0.759095 -0.446238 -0.473970 0.371855 0.000000 0.000000 0.000000 1.000000
-0.531452 -0.455516 -0.714187 0.254873 0.092005 0.807081 -0.583229 0.914057 0.842077 -0.375667 -0.387015 0.343163 0.000000 0.000000 0.000000 1.000000
-0.411540 -0.466368 -0.783030 0.259674 0.121180 0.823530 -0.554178 0.922991 0.903300 -0.322954 -0.282401 0.313038 0.000000 0.000000 0.000000 1.000000
-0.278721 -0.474051 -0.835219 0.256400 0.143817 0.839273 -0.524345 0.942655 0.949543 -0.266265 -0.165746 0.282298 0.000000 0.000000 0.000000 1.000000
-0.146997 -0.463953 -0.873579 0.244990 0.146088 0.863304 -0.483078 0.965121 0.978289 -0.198631 -0.059125 0.252828 0.000000 0.000000 0.000000 1.000000
-0.029781 -0.436988 -0.898974 0.227906 0.128468 0.890241 -0.436998 0.982846 0.991267 -0.128503 0.029627 0.226877 0.000000 0.000000 0.000000 1.000000
0.075027 -0.406171 -0.910712 0.208788 0.105063 0.911422 -0.397833 0.991526 0.991631 -0.065834 0.111055 0.205401 0.000000 0.000000 0.000000 1.000000
0.175658 -0.378430 -0.908810 0.189727 0.088054 0.925503 -0.368362 0.991380 0.980505 -0.015319 0.195894 0.186911 0.000000 0.000000 0.000000 1.000000
0.275064 -0.347697 -0.896352 0.170674 0.078081 0.937315 -0.339625 0.986480 0.958250 0.023430 0.284970 0.169009 0.000000 0.000000 0.000000 1.000000
0.373043 -0.305950 -0.875919 0.150710 0.070159 0.950666 -0.302178 0.978879 0.925157 0.051272 0.376105 0.149750 0.000000 0.000000 0.000000 1.000000
0.469529 -0.255400 -0.845171 0.129766 0.060395 0.964297 -0.257846 0.970011 0.880849 0.070022 0.468190 0.128236 0.000000 0.000000 0.000000 1.000000
0.560905 -0.208128 -0.801292 0.109044 0.049287 0.974562 -0.218633 0.961195 0.826412 0.083139 0.556895 0.104793 0.000000 0.000000 0.000000 1.000000
0.638803 -0.172580 -0.749764 0.089891 0.036926 0.980271 -0.194177 0.954179 0.768484 0.096355 0.632573 0.081158 0.000000 0.000000 0.000000 1.000000
0.696967 -0.146705 -0.701936 0.072003 0.023646 0.983019 -0.181973 0.949697 0.716713 0.110231 0.688601 0.059251 0.000000 0.000000 0.000000 1.000000
0.737271 -0.122273 -0.664440 0.053977 0.008441 0.985076 -0.171912 0.947213 0.675544 0.121137 0.727300 0.040323 0.000000 0.000000 0.000000 1.000000
0.767461 -0.092531 -0.634382 0.035443 -0.011359 0.987411 -0.157766 0.946273 0.640994 0.128285 0.756749 0.025143 0.000000 0.000000 0.000000 1.000000
0.793604 -0.059025 -0.605564 0.017264 -0.034368 0.989346 -0.141472 0.945981 0.607463 0.133085 0.783120 0.013246 0.000000 0.000000 0.000000 1.000000
0.817429 -0.026906 -0.575400 0.000553 -0.057495 0.990109 -0.127977 0.945610 0.573152 0.137695 0.807797 0.003623 0.000000 0.000000 0.000000 1.000000</float_array>
          <technique_common>
            <accessor source="#mixamorig_Hips-Matrix-animation-output-transform-array" count="51" stride="16">
              <param type="float4x4"/>
            </accessor>
          </technique_common>
        </source>
        <source id="mixamorig_Hips-Interpolations">
          <Name_array id="mixamorig_Hips-Interpolations-array" count="51">
 LINEAR LINEAR LINEAR LINEAR LINEAR LINEAR LINEAR LINEAR LINEAR LINEAR LINEAR
LINEAR LINEAR LINEAR LINEAR LINEAR LINEAR LINEAR LINEAR LINEAR LINEAR LINEAR LINEAR
LINEAR LINEAR LINEAR LINEAR LINEAR LINEAR LINEAR LINEAR LINEAR LINEAR LINEAR LINEAR
LINEAR LINEAR LINEAR LINEAR LINEAR LINEAR LINEAR LINEAR LINEAR LINEAR LINEAR LINEAR
LINEAR LINEAR LINEAR LINEAR</Name_array>
          <technique_common>
            <accessor source="#mixamorig_Hips-Interpolations-array" count="51">
              <param type="name"/>
            </accessor>
          </technique_common>
        </source>
        <sampler id="mixamorig_Hips-Matrix-animation-transform">
          <input semantic="INPUT" source="#mixamorig_Hips-Matrix-animation-input"/>
          <input semantic="OUTPUT" source="#mixamorig_Hips-Matrix-animation-output-transform"/>
          <input semantic="INTERPOLATION" source="#mixamorig_Hips-Interpolations"/>
        </sampler>
        <channel source="#mixamorig_Hips-Matrix-animation-transform" target="mixamorig_Hips/matrix"/>
      </animation>
    </animation>
    <animation id="mixamorig_Spine-anim" name="mixamorig_Spine">
      <animation>
        <source id="mixamorig_Spine-Matrix-animation-input">
          <float_array id="mixamorig_Spine-Matrix-animation-input-array" count="51">

0.000000 0.033333 0.066667 0.100000 0.133333 0.166667 0.200000 0.233333 0.266667 0.300000 0.333333 0.366667 0.400000 0.433333 0.466667 0.500000
0.533333 0.566667 0.600000 0.633333 0.666667 0.700000 0.733333 0.766667 0.800000 0.833333 0.866667 0.900000 0.933333 0.966667 1.000000 1.033333
1.066667 1.100000 1.133333 1.166667 1.200000 1.233333 1.266667 1.300000 1.333333 1.366667 1.400000 1.433333 1.466667 1.500000 1.533333 1.566667
1.600000 1.633333 1.666667</float_array>
          <technique_common>
            <accessor source="#mixamorig_Spine-Matrix-animation-input-array" count="51">
              <param name="TIME" type="float"/>
            </accessor>
          </technique_common>
        </source>
        <source id="mixamorig_Spine-Matrix-animation-output-transform">
          <float_array id="mixamorig_Spine-Matrix-animation-output-transform-array" count="816">

0.993948 -0.091606 0.060621 0.000000 0.089575 0.995350 0.035414 0.107100 -0.063583 -0.029770 0.997532 -0.011500 0.000000 0.000000 0.000000 1.000000
0.994356 -0.088576 0.058404 0.000000 0.086567 0.995593 0.036075 0.107100 -0.061342 -0.030816 0.997641 -0.011500 0.000000 0.000000 0.000000 1.000000
0.994869 -0.084035 0.056343 0.000000 0.081996 0.995924 0.037579 0.107100 -0.059271 -0.032766 0.997704 -0.011500 0.000000 0.000000 0.000000 1.000000
0.995564 -0.078321 0.052129 0.000000 0.076303 0.996296 0.039639 0.107100 -0.055041 -0.035486 0.997853 -0.011500 0.000000 0.000000 0.000000 1.000000
0.996499 -0.070958 0.044211 0.000000 0.069097 0.996713 0.042293 0.107100 -0.047067 -0.039090 0.998127 -0.011500 0.000000 0.000000 0.000000 1.000000
0.997437 -0.062759 0.034366 -0.000000 0.061167 0.997087 0.045565 0.107100 -0.037125 -0.043346 0.998370 -0.011500 0.000000 0.000000 0.000000 1.000000
0.998062 -0.056276 0.026547 0.000000 0.054925 0.997281 0.049127 0.107100 -0.029239 -0.047574 0.998440 -0.011500 0.000000 0.000000 0.000000 1.000000
0.998307 -0.053714 0.022336 0.000000 0.052478 0.997232 0.052672 0.107100 -0.025103 -0.051411 0.998362 -0.011500 0.000000 0.000000 0.000000 1.000000
0.998287 -0.054951 0.020076 0.000000 0.053737 0.996945 0.056683 0.107100 -0.023129 -0.055507 0.998190 -0.011500 0.000000 0.000000 0.000000 1.000000
0.998340 -0.054746 0.017870 -0.000000 0.053524 0.996585 0.062882 0.107100 -0.021251 -0.061821 0.997861 -0.011500 0.000000 0.000000 0.000000 1.000000
0.998555 -0.049963 0.019777 0.000000 0.048384 0.996117 0.073557 0.107100 -0.023375 -0.072494 0.997095 -0.011500 0.000000 0.000000 0.000000 1.000000
0.998594 -0.042031 0.032313 0.000000 0.038991 0.995218 0.089554 0.107100 -0.035923 -0.088168 0.995458 -0.011500 0.000000 0.000000 0.000000 1.000000
0.997908 -0.035421 0.054085 0.000000 0.029380 0.993645 0.108661 0.107100 -0.057590 -0.106845 0.992606 -0.011500 0.000000 0.000000 0.000000 1.000000
0.996568 -0.034571 0.075209 0.000000 0.024867 0.991676 0.126333 0.107100 -0.078950 -0.124029 0.989133 -0.011500 0.000000 0.000000 0.000000 1.000000
0.995728 -0.038604 0.083877 -0.000000 0.026749 0.990054 0.138121 0.107100 -0.088375 -0.135287 0.986857 -0.011500 0.000000 0.000000 0.000000 1.000000
0.996221 -0.041660 0.076209 -0.000000 0.030531 0.989429 0.141768 0.107100 -0.081309 -0.138906 0.986962 -0.011500 0.000000 0.000000 0.000000 1.000000
0.997511 -0.042046 0.056611 0.000000 0.033884 0.989836 0.138114 0.107100 -0.061843 -0.135852 0.988797 -0.011500 0.000000 0.000000 0.000000 1.000000
0.998569 -0.043764 0.030735 -0.000000 0.039434 0.990781 0.129605 0.107100 -0.036123 -0.128207 0.991089 -0.011500 0.000000 0.000000 0.000000 1.000000
0.998627 -0.052332 0.002470 0.000000 0.051675 0.991656 0.118099 0.107100 -0.008630 -0.117809 0.992999 -0.011500 0.000000 0.000000 0.000000 1.000000
0.997525 -0.066694 -0.022276 0.000000 0.068666 0.992165 0.104368 0.107100 0.015141 -0.105639 0.994289 -0.011500 0.000000 0.000000 0.000000 1.000000
0.996089 -0.080164 -0.037159 0.000000 0.083217 0.992498 0.089574 0.107100 0.029700 -0.092316 0.995287 -0.011500 0.000000 0.000000 0.000000 1.000000
0.995473 -0.085918 -0.040641 0.000000 0.088817 0.993151 0.075911 0.107100 0.033841 -0.079177 0.996286 -0.011500 0.000000 0.000000 0.000000 1.000000
0.995869 -0.081508 -0.040018 0.000000 0.083987 0.994361 0.064749 0.107100 0.034515 -0.067843 0.997099 -0.011500 0.000000 0.000000 0.000000 1.000000
0.997031 -0.059118 -0.049344 0.000000 0.061804 0.996582 0.054811 0.107100 0.045935 -0.057698 0.997277 -0.011500 0.000000 0.000000 0.000000 1.000000
0.997432 -0.047781 -0.053350 0.000000 0.049950 0.997947 0.040095 0.107100 0.051325 -0.042657 0.997771 -0.011500 0.000000 0.000000 0.000000 1.000000
0.997966 -0.029002 -0.056771 0.000000 0.030192 0.999340 0.020215 0.107100 0.056147 -0.021888 0.998183 -0.011500 0.000000 0.000000 0.000000 1.000000
0.998491 -0.013381 -0.053257 0.000000 0.013309 0.999910 -0.001703 0.107100 0.053275 0.000992 0.998579 -0.011500 0.000000 0.000000 0.000000 1.000000
0.999219 -0.005672 -0.039098 0.000000 0.004916 0.999800 -0.019408 0.107100 0.039200 0.019201 0.999047 -0.011500 0.000000 0.000000 0.000000 1.000000
0.999657 -0.004510 -0.025802 0.000000 0.003764 0.999575 -0.028899 0.107100 0.025921 0.028792 0.999249 -0.011500 0.000000 0.000000 0.000000 1.000000
0.999751 -0.009827 -0.020055 -0.000000 0.009206 0.999483 -0.030817 0.107100 0.020347 0.030625 0.999324 -0.011500 0.000000 0.000000 0.000000 1.000000
0.999587 -0.020697 -0.019934 0.000000 0.020144 0.999418 -0.027533 0.107100 0.020492 0.027120 0.999422 -0.011500 0.000000 0.000000 0.000000 1.000000
0.999309 -0.032870 -0.017345 0.000000 0.032515 0.999263 -0.020388 0.107100 0.018003 0.019810 0.999642 -0.011500 0.000000 0.000000 0.000000 1.000000
0.999062 -0.043118 -0.003907 0.000000 0.043078 0.999024 -0.009800 0.107100 0.004326 0.009622 0.999944 -0.011500 0.000000 0.000000 0.000000 1.000000
0.998589 -0.049667 0.018808 -0.000000 0.049609 0.998762 0.003534 0.107100 -0.018960 -0.002596 0.999817 -0.011500 0.000000 0.000000 0.000000 1.000000
0.997849 -0.052220 0.039619 0.000000 0.051559 0.998516 0.017523 0.107100 -0.040475 -0.015442 0.999061 -0.011500 0.000000 0.000000 0.000000 1.000000
0.997331 -0.053260 0.049935 0.000000 0.051873 0.998242 0.028672 0.107100 -0.051374 -0.026005 0.998341 -0.011500 0.000000 0.000000 0.000000 1.000000
0.997129 -0.055989 0.050979 0.000000 0.054291 0.997942 0.034106 0.107100 -0.052784 -0.031240 0.998117 -0.011500 0.000000 0.000000 0.000000 1.000000
0.996904 -0.061050 0.049555 0.000000 0.059396 0.997649 0.034182 0.107100 -0.051525 -0.031133 0.998186 -0.011500 0.000000 0.000000 0.000000 1.000000
0.996509 -0.066828 0.050033 0.000000 0.065239 0.997332 0.032751 0.107100 -0.052088 -0.029373 0.998210 -0.011500 0.000000 0.000000 0.000000 1.000000
0.996009 -0.072541 0.052004 0.000000 0.070847 0.996918 0.033704 0.107100 -0.054289 -0.029885 0.998078 -0.011500 0.000000 0.000000 0.000000 1.000000
0.995635 -0.077100 0.052597 0.000000 0.075205 0.996478 0.037101 0.107100 -0.055272 -0.032984 0.997926 -0.011500 0.000000 0.000000 0.000000 1.000000
0.995442 -0.080383 0.051323 0.000000 0.078387 0.996128 0.039798 0.107100 -0.054323 -0.035594 0.997889 -0.011500 0.000000 0.000000 0.000000 1.000000
0.995333 -0.082620 0.049860 -0.000000 0.080688 0.995953 0.039587 0.107100 -0.052929 -0.035379 0.997971 -0.011500 0.000000 0.000000 0.000000 1.000000
0.995171 -0.084267 0.050337 0.000000 0.082425 0.995887 0.037621 0.107100 -0.053300 -0.033290 0.998023 -0.011500 0.000000 0.000000 0.000000 1.000000
0.994959 -0.084676 0.053731 0.000000 0.082784 0.995899 0.036509 0.107100 -0.056602 -0.031877 0.997888 -0.011500 0.000000 0.000000 0.000000 1.000000
0.994532 -0.085620 0.059787 0.000000 0.083491 0.995812 0.037240 0.107100 -0.062725 -0.032045 0.997516 -0.011500 0.000000 0.000000 0.000000 1.000000
0.993989 -0.087433 0.065889 0.000000 0.085027 0.995635 0.038481 0.107100 -0.068966 -0.032647 0.997085 -0.011500 0.000000 0.000000 0.000000 1.000000
0.993653 -0.088862 0.068976 -0.000000 0.086353 0.995519 0.038543 0.107100 -0.072092 -0.032342 0.996873 -0.011500 0.000000 0.000000 0.000000 1.000000
0.993566 -0.090641 0.067905 -0.000000 0.088258 0.995399 0.037311 0.107100 -0.070974 -0.031078 0.996994 -0.011500 0.000000 0.000000 0.000000 1.000000
0.993686 -0.091956 0.064279 0.000000 0.089784 0.995314 0.035907 0.107100 -0.067280 -0.029909 0.997286 -0.011500 0.000000 0.000000 0.000000 1.000000
0.993948 -0.091606 0.060621 0.000000 0.089575 0.995350 0.035413 0.107100 -0.063583 -0.029769 0.997532 -0.011500 0.000000 0.000000 0.000000 1.000000</float_array>
          <technique_common>
            <accessor source="#mixamorig_Spine-Matrix-animation-output-transform-array" count="51" stride="16">
              <param type="float4x4"/>
            </accessor>
          </technique_common>
        </source>
        <source id="mixamorig_Spine-Interpolations">
          <Name_array id="mixamorig_Spine-Interpolations-array" count="51">
 LINEAR LINEAR LINEAR LINEAR LINEAR LINEAR LINEAR LINEAR LINEAR LINEAR LINEAR
LINEAR LINEAR LINEAR LINEAR LINEAR LINEAR LINEAR LINEAR LINEAR LINEAR LINEAR LINEAR
LINEAR LINEAR LINEAR LINEAR LINEAR LINEAR LINEAR LINEAR LINEAR LINEAR LINEAR LINEAR
LINEAR LINEAR LINEAR LINEAR LINEAR LINEAR LINEAR LINEAR LINEAR LINEAR LINEAR LINEAR
LINEAR LINEAR LINEAR LINEAR</Name_array>
          <technique_common>
            <accessor source="#mixamorig_Spine-Interpolations-array" count="51">
              <param type="name"/>
            </accessor>
          </technique_common>
        </source>
        <sampler id="mixamorig_Spine-Matrix-animation-transform">
          <input semantic="INPUT" source="#mixamorig_Spine-Matrix-animation-input"/>
          <input semantic="OUTPUT" source="#mixamorig_Spine-Matrix-animation-output-transform"/>
          <input semantic="INTERPOLATION" source="#mixamorig_Spine-Interpolations"/>
        </sampler>
        <channel source="#mixamorig_Spine-Matrix-animation-transform" target="mixamorig_Spine/matrix"/>
      </animation>
    </animation>
    <animation id="mixamorig_Spine1-anim" name="mixamorig_Spine1">
      <animation>
        <source id="mixamorig_Spine1-Matrix-animation-input">
          <float_array id="mixamorig_Spine1-Matrix-animation-input-array" count="51">

0.000000 0.033333 0.066667 0.100000 0.133333 0.166667 0.200000 0.233333 0.266667 0.300000 0.333333 0.366667 0.400000 0.433333 0.466667 0.500000
0.533333 0.566667 0.600000 0.633333 0.666667 0.700000 0.733333 0.766667 0.800000 0.833333 0.866667 0.900000 0.933333 0.966667 1.000000 1.033333
1.066667 1.100000 1.133333 1.166667 1.200000 1.233333 1.266667 1.300000 1.333333 1.366667 1.400000 1.433333 1.466667 1.500000 1.533333 1.566667
1.600000 1.633333 1.666667</float_array>
          <technique_common>
            <accessor source="#mixamorig_Spine1-Matrix-animation-input-array" count="51">
              <param name="TIME" type="float"/>
            </accessor>
          </technique_common>
        </source>
        <source id="mixamorig_Spine1-Matrix-animation-output-transform">
          <float_array id="mixamorig_Spine1-Matrix-animation-output-transform-array" count="816">

0.999500 -0.017909 0.026050 0.000000 0.018918 0.999059 -0.039032 0.125700 -0.025326 0.039505 0.998898 0.000000 0.000000 0.000000 0.000000 1.000000
0.999566 -0.016760 0.024234 0.000000 0.017717 0.999049 -0.039844 0.125700 -0.023543 0.040256 0.998912 0.000000 0.000000 0.000000 0.000000 1.000000
0.999549 -0.016900 0.024810 0.000000 0.017931 0.998960 -0.041918 0.125700 -0.024076 0.042344 0.998813 0.000000 0.000000 0.000000 0.000000 1.000000
0.999611 -0.016371 0.022586 -0.000000 0.017358 0.998872 -0.044207 0.125700 -0.021837 0.044582 0.998767 0.000000 0.000000 0.000000 0.000000 1.000000
0.999811 -0.013104 0.014358 0.000000 0.013748 0.998862 -0.045677 0.125700 -0.013743 0.045866 0.998853 -0.000000 0.000000 0.000000 0.000000 1.000000
0.999969 -0.007397 0.002787 -0.000000 0.007517 0.998912 -0.046015 0.125700 -0.002444 0.046034 0.998937 0.000000 0.000000 0.000000 0.000000 1.000000
0.999978 -0.002798 -0.006048 0.000000 0.002519 0.998957 -0.045585 0.125700 0.006169 0.045569 0.998942 0.000000 0.000000 0.000000 0.000000 1.000000
0.999950 -0.003365 -0.009460 -0.000000 0.002938 0.998991 -0.044809 0.125700 0.009601 0.044779 0.998951 0.000000 0.000000 0.000000 0.000000 1.000000
0.999907 -0.009513 -0.009770 0.000000 0.009084 0.999029 -0.043107 0.125700 0.010171 0.043014 0.999023 0.000000 0.000000 0.000000 0.000000 1.000000
0.999828 -0.016861 -0.007778 -0.000000 0.016554 0.999142 -0.037962 0.125700 0.008411 0.037827 0.999249 0.000000 0.000000 0.000000 0.000000 1.000000
0.999801 -0.019782 0.002750 -0.000000 0.019846 0.999473 -0.025675 0.125700 -0.002240 0.025725 0.999667 0.000000 0.000000 0.000000 0.000000 1.000000
0.999411 -0.016328 0.030191 0.000000 0.016474 0.999854 -0.004579 0.125700 -0.030112 0.005073 0.999534 -0.000000 0.000000 0.000000 0.000000 1.000000
0.997218 -0.009727 0.073906 0.000000 0.008137 0.999730 0.021788 0.125700 -0.074098 -0.021126 0.997027 0.000000 0.000000 0.000000 0.000000 1.000000
0.992732 -0.004928 0.120244 0.000000 -0.000532 0.998972 0.045336 0.125700 -0.120343 -0.045070 0.991709 0.000000 0.000000 0.000000 0.000000 1.000000
0.988494 -0.003460 0.151219 0.000000 -0.005414 0.998289 0.058229 0.125700 -0.151162 -0.058378 0.986784 -0.000000 0.000000 0.000000 0.000000 1.000000
0.987722 -0.002415 0.156201 0.000000 -0.006650 0.998324 0.057486 0.125700 -0.156078 -0.057819 0.986051 0.000000 0.000000 0.000000 0.000000 1.000000
0.990798 0.000183 0.135346 0.000000 -0.006441 0.998930 0.045803 0.125700 -0.135193 -0.046253 0.989739 -0.000000 0.000000 0.000000 0.000000 1.000000
0.995447 -0.000836 0.095318 0.000000 -0.001912 0.999585 0.028732 0.125700 -0.095302 -0.028783 0.995032 -0.000000 0.000000 0.000000 0.000000 1.000000
0.998865 -0.015695 0.044968 0.000000 0.015269 0.999835 0.009811 0.125700 -0.045115 -0.009113 0.998940 0.000000 0.000000 0.000000 0.000000 1.000000
0.998843 -0.047807 -0.005153 0.000000 0.047742 0.998787 -0.012034 0.125700 0.005722 0.011774 0.999914 -0.000000 0.000000 0.000000 0.000000 1.000000
0.995436 -0.084955 -0.043466 0.000000 0.083300 0.995777 -0.038584 0.125700 0.046561 0.034787 0.998310 0.000000 0.000000 0.000000 0.000000 1.000000
0.992294 -0.106636 -0.063093 0.000000 0.102425 0.992509 -0.066597 0.125700 0.069722 0.059622 0.995783 -0.000000 0.000000 0.000000 0.000000 1.000000
0.992512 -0.101028 -0.068647 0.000000 0.094698 0.991435 -0.089933 0.125700 0.077145 0.082759 0.993579 -0.000000 0.000000 0.000000 0.000000 1.000000
0.994589 -0.073186 -0.073730 0.000000 0.065001 0.992038 -0.107872 0.125700 0.081038 0.102496 0.991427 -0.000000 0.000000 0.000000 0.000000 1.000000
0.995443 -0.037712 -0.087582 0.000000 0.026395 0.991557 -0.126957 0.125700 0.091630 0.124067 0.988034 -0.000000 0.000000 0.000000 0.000000 1.000000
0.994481 -0.006259 -0.104733 0.000000 -0.009832 0.988266 -0.152426 0.125700 0.104458 0.152614 0.982750 -0.000000 0.000000 0.000000 0.000000 1.000000
0.993639 0.017018 -0.111319 0.000000 -0.037085 0.982827 -0.180766 0.125700 0.106331 0.183745 0.977206 0.000000 0.000000 0.000000 0.000000 1.000000
0.994334 0.031459 -0.101540 0.000000 -0.051662 0.977825 -0.202951 0.125700 0.092904 0.207047 0.973910 0.000000 0.000000 0.000000 0.000000 1.000000
0.995781 0.035871 -0.084459 -0.000000 -0.053233 0.975536 -0.213299 0.125700 0.074742 0.216895 0.973330 0.000000 0.000000 0.000000 0.000000 1.000000
0.996905 0.029060 -0.073044 0.000000 -0.044090 0.975956 -0.213463 0.125700 0.065084 0.216023 0.974217 0.000000 0.000000 0.000000 0.000000 1.000000
0.997568 0.012608 -0.068543 0.000000 -0.026663 0.977721 -0.208207 0.125700 0.064391 0.209528 0.975680 0.000000 0.000000 0.000000 0.000000 1.000000
0.998234 -0.007891 -0.058881 0.000000 -0.004024 0.979883 -0.199533 0.125700 0.059271 0.199418 0.978120 0.000000 0.000000 0.000000 0.000000 1.000000
0.999140 -0.024840 -0.033201 0.000000 0.018253 0.982433 -0.185719 0.125700 0.037231 0.184953 0.982042 0.000000 0.000000 0.000000 0.000000 1.000000
0.999443 -0.033115 0.004207 0.000000 0.033355 0.985742 -0.164925 0.125700 0.001314 0.164973 0.986297 -0.000000 0.000000 0.000000 0.000000 1.000000
0.998761 -0.033551 0.036766 0.000000 0.038376 0.989470 -0.139556 0.125700 -0.031697 0.140794 0.989531 0.000000 0.000000 0.000000 0.000000 1.000000
0.998153 -0.031633 0.051859 0.000000 0.037505 0.992484 -0.116485 0.125700 -0.047785 0.118215 0.991838 0.000000 0.000000 0.000000 0.000000 1.000000
0.998150 -0.032322 0.051498 -0.000000 0.037457 0.994071 -0.102080 0.125700 -0.047893 0.103820 0.993442 0.000000 0.000000 0.000000 0.000000 1.000000
0.998246 -0.036480 0.046636 0.000000 0.040859 0.994476 -0.096689 0.125700 -0.042851 0.098425 0.994221 0.000000 0.000000 0.000000 0.000000 1.000000
0.998139 -0.041764 0.044438 0.000000 0.045803 0.994506 -0.094126 0.125700 -0.040263 0.095986 0.994568 0.000000 0.000000 0.000000 0.000000 1.000000
0.998004 -0.045697 0.043596 0.000000 0.049389 0.994916 -0.087760 0.125700 -0.039364 0.089738 0.995187 -0.000000 0.000000 0.000000 0.000000 1.000000
0.998074 -0.047306 0.040118 0.000000 0.050296 0.995751 -0.077138 0.125700 -0.036299 0.079007 0.996213 0.000000 0.000000 0.000000 0.000000 1.000000
0.998330 -0.046873 0.033780 0.000000 0.049068 0.996519 -0.067394 0.125700 -0.030503 0.068939 0.997154 -0.000000 0.000000 0.000000 0.000000 1.000000
0.998581 -0.045250 0.028074 0.000000 0.046935 0.996935 -0.062590 0.125700 -0.025156 0.063819 0.997644 0.000000 0.000000 0.000000 0.000000 1.000000
0.998714 -0.043267 0.026420 0.000000 0.044821 0.997109 -0.061363 0.125700 -0.023689 0.062468 0.997766 0.000000 0.000000 0.000000 0.000000 1.000000
0.998705 -0.041118 0.029970 0.000000 0.042845 0.997310 -0.059466 0.125700 -0.027444 0.060673 0.997780 0.000000 0.000000 0.000000 0.000000 1.000000
0.998567 -0.038312 0.037371 0.000000 0.040332 0.997678 -0.054887 0.125700 -0.035181 0.056316 0.997793 0.000000 0.000000 0.000000 0.000000 1.000000
0.998411 -0.034457 0.044595 0.000000 0.036643 0.998118 -0.049172 0.125700 -0.042817 0.050728 0.997794 0.000000 0.000000 0.000000 0.000000 1.000000
0.998473 -0.029832 0.046489 0.000000 0.031907 0.998497 -0.044556 0.125700 -0.045090 0.045971 0.997925 -0.000000 0.000000 0.000000 0.000000 1.000000
0.998833 -0.025084 0.041260 0.000000 0.026800 0.998776 -0.041572 0.125700 -0.040167 0.042629 0.998283 0.000000 0.000000 0.000000 0.000000 1.000000
0.999251 -0.020865 0.032587 0.000000 0.022155 0.998965 -0.039732 0.125700 -0.031724 0.040424 0.998679 0.000000 0.000000 0.000000 0.000000 1.000000
0.999500 -0.017909 0.026050 0.000000 0.018918 0.999059 -0.039032 0.125700 -0.025326 0.039505 0.998898 0.000000 0.000000 0.000000 0.000000 1.000000</float_array>
          <technique_common>
            <accessor source="#mixamorig_Spine1-Matrix-animation-output-transform-array" count="51" stride="16">
              <param type="float4x4"/>
            </accessor>
          </technique_common>
        </source>
        <source id="mixamorig_Spine1-Interpolations">
          <Name_array id="mixamorig_Spine1-Interpolations-array" count="51">
 LINEAR LINEAR LINEAR LINEAR LINEAR LINEAR LINEAR LINEAR LINEAR LINEAR LINEAR
LINEAR LINEAR LINEAR LINEAR LINEAR LINEAR LINEAR LINEAR LINEAR LINEAR LINEAR LINEAR
LINEAR LINEAR LINEAR LINEAR LINEAR LINEAR LINEAR LINEAR LINEAR LINEAR LINEAR LINEAR
LINEAR LINEAR LINEAR LINEAR LINEAR LINEAR LINEAR LINEAR LINEAR LINEAR LINEAR LINEAR
LINEAR LINEAR LINEAR LINEAR</Name_array>
          <technique_common>
            <accessor source="#mixamorig_Spine1-Interpolations-array" count="51">
              <param type="name"/>
            </accessor>
          </technique_common>
        </source>
        <sampler id="mixamorig_Spine1-Matrix-animation-transform">
          <input semantic="INPUT" source="#mixamorig_Spine1-Matrix-animation-input"/>
          <input semantic="OUTPUT" source="#mixamorig_Spine1-Matrix-animation-output-transform"/>
          <input semantic="INTERPOLATION" source="#mixamorig_Spine1-Interpolations"/>
        </sampler>
        <channel source="#mixamorig_Spine1-Matrix-animation-transform" target="mixamorig_Spine1/matrix"/>
      </animation>
    </animation>
    <animation id="mixamorig_Spine2-anim" name="mixamorig_Spine2">
      <animation>
        <source id="mixamorig_Spine2-Matrix-animation-input">
          <float_array id="mixamorig_Spine2-Matrix-animation-input-array" count="51">

0.000000 0.033333 0.066667 0.100000 0.133333 0.166667 0.200000 0.233333 0.266667 0.300000 0.333333 0.366667 0.400000 0.433333 0.466667 0.500000
0.533333 0.566667 0.600000 0.633333 0.666667 0.700000 0.733333 0.766667 0.800000 0.833333 0.866667 0.900000 0.933333 0.966667 1.000000 1.033333
1.066667 1.100000 1.133333 1.166667 1.200000 1.233333 1.266667 1.300000 1.333333 1.366667 1.400000 1.433333 1.466667 1.500000 1.533333 1.566667
1.600000 1.633333 1.666667</float_array>
          <technique_common>
            <accessor source="#mixamorig_Spine2-Matrix-animation-input-array" count="51">
              <param name="TIME" type="float"/>
            </accessor>
          </technique_common>
        </source>
        <source id="mixamorig_Spine2-Matrix-animation-output-transform">
          <float_array id="mixamorig_Spine2-Matrix-animation-output-transform-array" count="816">

0.999476 -0.017147 0.027469 0.000000 0.018196 0.999096 -0.038422 0.143600 -0.026785 0.038902 0.998884 -0.000000 0.000000 0.000000 0.000000 1.000000
0.999542 -0.016012 0.025692 -0.000000 0.017014 0.999084 -0.039256 0.143600 -0.025040 0.039675 0.998899 0.000000 0.000000 0.000000 0.000000 1.000000
0.999524 -0.016211 0.026243 0.000000 0.017288 0.998996 -0.041336 0.143600 -0.025547 0.041770 0.998801 0.000000 0.000000 0.000000 0.000000 1.000000
0.999589 -0.015738 0.023975 0.000000 0.016774 0.998906 -0.043662 0.143600 -0.023262 0.044046 0.998759 -0.000000 0.000000 0.000000 0.000000 1.000000
0.999799 -0.012486 0.015703 0.000000 0.013185 0.998890 -0.045226 0.143600 -0.015121 0.045424 0.998853 0.000000 0.000000 0.000000 0.000000 1.000000
0.999969 -0.006763 0.004073 -0.000000 0.006942 0.998932 -0.045686 0.143600 -0.003760 0.045713 0.998948 0.000000 0.000000 0.000000 0.000000 1.000000
0.999986 -0.002155 -0.004867 -0.000000 0.001932 0.998969 -0.045360 0.143600 0.004960 0.045350 0.998959 0.000000 0.000000 0.000000 0.000000 1.000000
0.999961 -0.002747 -0.008444 0.000000 0.002367 0.999000 -0.044648 0.143600 0.008558 0.044626 0.998967 0.000000 0.000000 0.000000 0.000000 1.000000
0.999920 -0.008946 -0.008954 0.000000 0.008553 0.999039 -0.042982 0.143600 0.009330 0.042902 0.999036 -0.000000 0.000000 0.000000 0.000000 1.000000
0.999840 -0.016373 -0.007162 0.000000 0.016091 0.999155 -0.037833 0.143600 0.007775 0.037712 0.999258 0.000000 0.000000 0.000000 0.000000 1.000000
0.999806 -0.019443 0.003177 -0.000000 0.019518 0.999486 -0.025448 0.143600 -0.002680 0.025505 0.999671 0.000000 0.000000 0.000000 0.000000 1.000000
0.999404 -0.016266 0.030441 0.000000 0.016400 0.999857 -0.004168 0.143600 -0.030369 0.004665 0.999528 0.000000 0.000000 0.000000 0.000000 1.000000
0.997204 -0.010089 0.074046 0.000000 0.008459 0.999716 0.022300 0.143600 -0.074250 -0.021611 0.997005 0.000000 0.000000 0.000000 0.000000 1.000000
0.992703 -0.005825 0.120442 0.000000 0.000329 0.998960 0.045599 0.143600 -0.120582 -0.045227 0.991673 0.000000 0.000000 0.000000 0.000000 1.000000
0.988420 -0.004880 0.151663 0.000000 -0.003937 0.998322 0.057780 0.143600 -0.151691 -0.057708 0.986742 0.000000 0.000000 0.000000 0.000000 1.000000
0.987602 -0.004170 0.156924 0.000000 -0.004701 0.998413 0.056119 0.143600 -0.156909 -0.056161 0.986015 0.000000 0.000000 0.000000 0.000000 1.000000
0.990688 -0.001553 0.136145 0.000000 -0.004459 0.999029 0.043839 0.143600 -0.136081 -0.044038 0.989718 0.000000 0.000000 0.000000 0.000000 1.000000
0.995392 -0.002168 0.095868 0.000000 -0.000413 0.999638 0.026898 0.143600 -0.095891 -0.026813 0.995031 -0.000000 0.000000 0.000000 0.000000 1.000000
0.998853 -0.016384 0.044986 0.000000 0.016004 0.999833 0.008784 0.143600 -0.045122 -0.008054 0.998949 -0.000000 0.000000 0.000000 0.000000 1.000000
0.998839 -0.047815 -0.005910 0.000000 0.047741 0.998787 -0.012048 0.143600 0.006478 0.011752 0.999910 0.000000 0.000000 0.000000 0.000000 1.000000
0.995403 -0.084377 -0.045307 0.000000 0.082694 0.995856 -0.037837 0.143600 0.048312 0.033917 0.998256 0.000000 0.000000 0.000000 0.000000 1.000000
0.992189 -0.105626 -0.066358 0.000000 0.101311 0.992707 -0.065335 0.143600 0.072775 0.058102 0.995654 0.000000 0.000000 0.000000 0.000000 1.000000
0.992300 -0.099778 -0.073387 0.000000 0.093211 0.991745 -0.088052 0.143600 0.081567 0.080533 0.993409 0.000000 0.000000 0.000000 0.000000 1.000000
0.994240 -0.071884 -0.079491 0.000000 0.063349 0.992439 -0.105124 0.143600 0.086447 0.099483 0.991277 -0.000000 0.000000 0.000000 0.000000 1.000000
0.994942 -0.036502 -0.093589 -0.000000 0.024784 0.992042 -0.123447 0.143600 0.097350 0.120503 0.987928 0.000000 0.000000 0.000000 0.000000 1.000000
0.993882 -0.005277 -0.110322 0.000000 -0.011262 0.988810 -0.148757 0.143600 0.109872 0.149089 0.982701 -0.000000 0.000000 0.000000 0.000000 1.000000
0.993068 0.017609 -0.116218 -0.000000 -0.038229 0.983348 -0.177667 0.143600 0.111154 0.180879 0.977204 0.000000 0.000000 0.000000 0.000000 1.000000
0.993883 0.031554 -0.105832 0.000000 -0.052434 0.978237 -0.200755 0.143600 0.097194 0.205076 0.973908 0.000000 0.000000 0.000000 0.000000 1.000000
0.995452 0.035574 -0.088369 0.000000 -0.053674 0.975840 -0.211790 0.143600 0.078700 0.215570 0.973312 0.000000 0.000000 0.000000 0.000000 1.000000
0.996640 0.028707 -0.076713 0.000000 -0.044454 0.976210 -0.212221 0.143600 0.068796 0.214918 0.974206 -0.000000 0.000000 0.000000 0.000000 1.000000
0.997331 0.012553 -0.071919 -0.000000 -0.027239 0.977953 -0.207039 0.143600 0.067734 0.208445 0.975686 -0.000000 0.000000 0.000000 0.000000 1.000000
0.998062 -0.007574 -0.061768 0.000000 -0.004853 0.980072 -0.198583 0.143600 0.062041 0.198498 0.978136 0.000000 0.000000 0.000000 0.000000 1.000000
0.999073 -0.024442 -0.035439 0.000000 0.017469 0.982549 -0.185182 0.143600 0.039346 0.184391 0.982065 0.000000 0.000000 0.000000 0.000000 1.000000
0.999451 -0.033023 0.002612 0.000000 0.033002 0.985783 -0.164749 0.143600 0.002866 0.164745 0.986332 0.000000 0.000000 0.000000 0.000000 1.000000
0.998790 -0.033882 0.035649 -0.000000 0.038545 0.989472 -0.139500 0.143600 -0.030547 0.140706 0.989580 0.000000 0.000000 0.000000 0.000000 1.000000
0.998179 -0.032164 0.051030 0.000000 0.037929 0.992482 -0.116367 0.143600 -0.046904 0.118090 0.991894 0.000000 0.000000 0.000000 0.000000 1.000000
0.998169 -0.032755 0.050841 0.000000 0.037810 0.994079 -0.101872 0.143600 -0.047203 0.103608 0.993498 -0.000000 0.000000 0.000000 0.000000 1.000000
0.998261 -0.036696 0.046129 -0.000000 0.041013 0.994496 -0.096415 0.143600 -0.042337 0.098139 0.994272 -0.000000 0.000000 0.000000 0.000000 1.000000
0.998150 -0.041816 0.044136 0.000000 0.045811 0.994539 -0.093778 0.143600 -0.039974 0.095627 0.994614 0.000000 0.000000 0.000000 0.000000 1.000000
0.998007 -0.045642 0.043575 0.000000 0.049316 0.994958 -0.087330 0.143600 -0.039369 0.089305 0.995226 -0.000000 0.000000 0.000000 0.000000 1.000000
0.998071 -0.047132 0.040406 0.000000 0.050128 0.995797 -0.076646 0.143600 -0.036624 0.078524 0.996239 0.000000 0.000000 0.000000 0.000000 1.000000
0.998326 -0.046556 0.034313 -0.000000 0.048773 0.996568 -0.066885 0.143600 -0.031081 0.068447 0.997170 -0.000000 0.000000 0.000000 0.000000 1.000000
