<?xml version="1.0" encoding="utf-8"?>
<COLLADA xmlns="http://www.collada.org/2005/11/COLLADASchema" version="1.4.1">
  <asset>
    <contributor>
      <author/>
      <authoring_tool>FBX COLLADA exporter</authoring_tool>
      <comments/>
    </contributor>
    <created>2021-01-11T13:50:44Z</created>
    <keywords/>
    <modified>2021-01-11T13:50:44Z</modified>
    <revision/>
    <subject/>
    <title/>
    <unit meter="0.010000" name="centimeter"/>
    <up_axis>Y_UP</up_axis>
<library_controllers>
    <controller id="mesh01FBXASC045faceFBXASC046001Controller">
      <skin source="#mesh01FBXASC045faceFBXASC046001-lib">
        <bind_shape_matrix> 1.000000 -0.000000 0.000000 0.000000 0.000000 1.000000 -0.000000 0.000000 0.000000 0.000000 1.000000 0.000000 0.000000 0.000000 0.000000 1.000000
</bind_shape_matrix>
        <source id="mesh01FBXASC045faceFBXASC046001Controller-Joints">
          <Name_array id="mesh01FBXASC045faceFBXASC046001Controller-Joints-array" count="52">
 mixamorig_Head mixamorig_Neck mixamorig_RightHand
mixamorig_RightHandMiddle1 mixamorig_RightHandMiddle2 mixamorig_RightHandMiddle3
mixamorig_RightHandIndex1 mixamorig_RightHandIndex2 mixamorig_RightForeArm
mixamorig_RightHandRing1 mixamorig_RightHandPinky1 mixamorig_RightHandPinky2
mixamorig_RightHandThumb1 mixamorig_RightHandThumb2 mixamorig_RightHandPinky3
mixamorig_RightHandRing2 mixamorig_RightHandRing3 mixamorig_RightHandIndex3
mixamorig_RightHandThumb3 mixamorig_Hips mixamorig_Spine mixamorig_RightUpLeg mixamorig_LeftUpLeg
mixamorig_RightArm mixamorig_Spine1 mixamorig_Spine2 mixamorig_RightShoulder
mixamorig_RightLeg mixamorig_LeftArm mixamorig_LeftForeArm mixamorig_LeftHand
mixamorig_LeftHandThumb1 mixamorig_LeftShoulder mixamorig_LeftLeg mixamorig_LeftHandPinky1
mixamorig_LeftHandMiddle1 mixamorig_LeftHandMiddle2 mixamorig_LeftHandMiddle3
mixamorig_LeftHandRing1 mixamorig_LeftHandPinky2 mixamorig_LeftHandIndex1
mixamorig_LeftHandThumb2 mixamorig_LeftHandThumb3 mixamorig_LeftHandPinky3
mixamorig_LeftHandRing2 mixamorig_LeftHandRing3 mixamorig_LeftHandIndex2
mixamorig_LeftHandIndex3 mixamorig_LeftFoot mixamorig_LeftToeBase mixamorig_RightFoot
mixamorig_RightToeBase 
</Name_array>
</library_controllers>
  </asset>
  <library_animations>
    <animation id="mixamorig_Hips-anim" name="mixamorig_Hips">
      <animation>
        <source id="mixamorig_Hips-Matrix-animation-input">
          <float_array id="mixamorig_Hips-Matrix-animation-input-array" count="22">

0.000000 0.033333 0.066667 0.100000 0.133333 0.166667 0.200000 0.233333 0.266667 0.300000 0.333333 0.366667 0.400000 0.433333 0.466667 0.500000
0.533333 0.566667 0.600000 0.633333 0.666667 0.700000</float_array>
          <technique_common>
            <accessor source="#mixamorig_Hips-Matrix-animation-input-array" count="22">
              <param name="TIME" type="float"/>
            </accessor>
          </technique_common>
        </source>
        <source id="mixamorig_Hips-Matrix-animation-output-transform">
          <float_array id="mixamorig_Hips-Matrix-animation-output-transform-array" count="352">

0.997820 0.044659 0.048579 0.002034 -0.039909 0.994706 -0.094700 0.968203 -0.052551 0.092555 0.994320 0.009942 0.000000 0.000000 0.000000 1.000000
0.998836 0.021656 0.043110 0.005519 -0.017505 0.995377 -0.094436 0.985485 -0.044956 0.093571 0.994597 0.020631 0.000000 0.000000 0.000000 1.000000
0.998106 0.005001 0.061308 0.008104 0.000449 0.996071 -0.088552 1.010687 -0.061510 0.088412 0.994183 0.030116 0.000000 0.000000 0.000000 1.000000
0.994620 -0.006024 0.103412 0.010941 0.015289 0.995911 -0.089038 1.030626 -0.102453 0.090140 0.990645 0.050531 0.000000 0.000000 0.000000 1.000000
0.993340 0.000239 0.115222 0.011928 0.010553 0.995606 -0.093042 1.031687 -0.114738 0.093638 0.988973 0.070870 0.000000 0.000000 0.000000 1.000000
0.995688 0.012090 0.091977 0.015505 -0.005613 0.997506 -0.070362 1.030210 -0.092598 0.069542 0.993272 0.079707 0.000000 0.000000 0.000000 1.000000
0.994392 0.013202 0.104928 0.016655 -0.008024 0.998736 -0.049617 1.022476 -0.105450 0.048497 0.993241 0.085643 0.000000 0.000000 0.000000 1.000000
0.990128 0.014037 0.139460 0.016355 -0.008440 0.999138 -0.040648 1.007796 -0.139910 0.039070 0.989393 0.079832 0.000000 0.000000 0.000000 1.000000
0.990413 0.005342 0.138033 0.013023 -0.000196 0.999305 -0.037264 0.981697 -0.138136 0.036880 0.989726 0.061282 0.000000 0.000000 0.000000 1.000000
0.993231 0.007213 0.115936 0.010641 -0.000820 0.998481 -0.055093 0.956387 -0.116157 0.054625 0.991728 0.039172 0.000000 0.000000 0.000000 1.000000
0.994752 0.014022 0.101352 0.006039 -0.007517 0.997904 -0.064281 0.953370 -0.102041 0.063182 0.992772 0.019444 0.000000 0.000000 0.000000 1.000000
0.994135 0.049808 0.095995 0.005395 -0.043041 0.996524 -0.071324 0.969907 -0.099214 0.066774 0.992823 0.013818 0.000000 0.000000 0.000000 1.000000
0.994975 0.083100 0.055848 0.005342 -0.077908 0.992938 -0.089468 0.992994 -0.062888 0.084667 0.994423 0.018247 0.000000 0.000000 0.000000 1.000000
0.995671 0.092421 -0.009908 0.004072 -0.092937 0.988037 -0.123071 1.014108 -0.001585 0.123459 0.992348 0.024958 0.000000 0.000000 0.000000 1.000000
0.996806 0.076443 -0.023107 0.004625 -0.079065 0.985381 -0.150908 1.020927 0.011233 0.152253 0.988278 0.025711 0.000000 0.000000 0.000000 1.000000
0.998192 0.055089 -0.024031 0.004806 -0.057787 0.989590 -0.131804 1.016523 0.016520 0.132954 0.990985 0.034950 0.000000 0.000000 0.000000 1.000000
0.998517 0.043413 -0.032845 0.004235 -0.046820 0.992686 -0.111274 1.007661 0.027774 0.112647 0.993247 0.044236 0.000000 0.000000 0.000000 1.000000
0.999017 0.039081 -0.020926 0.003364 -0.041147 0.993121 -0.109625 0.990969 0.016498 0.110378 0.993753 0.040048 0.000000 0.000000 0.000000 1.000000
0.999417 0.034100 0.001932 0.001375 -0.033693 0.993605 -0.107770 0.975331 -0.005595 0.107642 0.994174 0.035194 0.000000 0.000000 0.000000 1.000000
0.997753 0.057949 0.033638 -0.001217 -0.053915 0.992417 -0.110466 0.956204 -0.039784 0.108404 0.993311 0.018781 0.000000 0.000000 0.000000 1.000000
0.994647 0.081311 0.063757 -0.002726 -0.074703 0.992184 -0.099952 0.950133 -0.071386 0.094654 0.992948 0.008501 0.000000 0.000000 0.000000 1.000000
0.997820 0.044659 0.048579 0.002034 -0.039909 0.994706 -0.094700 0.968203 -0.052551 0.092555 0.994320 0.009942 0.000000 0.000000 0.000000 1.000000</float_array>
          <technique_common>
            <accessor source="#mixamorig_Hips-Matrix-animation-output-transform-array" count="22" stride="16">
              <param type="float4x4"/>
            </accessor>
          </technique_common>
        </source>
        <source id="mixamorig_Hips-Interpolations">
          <Name_array id="mixamorig_Hips-Interpolations-array" count="22">
 LINEAR LINEAR LINEAR LINEAR LINEAR LINEAR LINEAR LINEAR LINEAR LINEAR LINEAR
LINEAR LINEAR LINEAR LINEAR LINEAR LINEAR LINEAR LINEAR LINEAR LINEAR LINEAR</Name_array>
          <technique_common>
            <accessor source="#mixamorig_Hips-Interpolations-array" count="22">
              <param type="name"/>
            </accessor>
          </technique_common>
        </source>
        <sampler id="mixamorig_Hips-Matrix-animation-transform">
          <input semantic="INPUT" source="#mixamorig_Hips-Matrix-animation-input"/>
          <input semantic="OUTPUT" source="#mixamorig_Hips-Matrix-animation-output-transform"/>
          <input semantic="INTERPOLATION" source="#mixamorig_Hips-Interpolations"/>
        </sampler>
        <channel source="#mixamorig_Hips-Matrix-animation-transform" target="mixamorig_Hips/matrix"/>
      </animation>
    </animation>
    <animation id="mixamorig_Spine-anim" name="mixamorig_Spine">
      <animation>
        <source id="mixamorig_Spine-Matrix-animation-input">
          <float_array id="mixamorig_Spine-Matrix-animation-input-array" count="22">

0.000000 0.033333 0.066667 0.100000 0.133333 0.166667 0.200000 0.233333 0.266667 0.300000 0.333333 0.366667 0.400000 0.433333 0.466667 0.500000
0.533333 0.566667 0.600000 0.633333 0.666667 0.700000</float_array>
          <technique_common>
            <accessor source="#mixamorig_Spine-Matrix-animation-input-array" count="22">
              <param name="TIME" type="float"/>
            </accessor>
          </technique_common>
        </source>
        <source id="mixamorig_Spine-Matrix-animation-output-transform">
          <float_array id="mixamorig_Spine-Matrix-animation-output-transform-array" count="352">

0.999558 -0.018706 0.023110 -0.000000 0.018221 0.999613 0.021003 0.107100 -0.023494 -0.020573 0.999512 -0.011500 0.000000 0.000000 0.000000 1.000000
0.999148 -0.009009 0.040278 0.000000 0.007884 0.999576 0.028015 0.107100 -0.040513 -0.027673 0.998796 -0.011500 0.000000 0.000000 0.000000 1.000000
0.998370 0.000497 0.057074 0.000000 -0.002549 0.999353 0.035878 0.107100 -0.057019 -0.035965 0.997725 -0.011500 0.000000 0.000000 0.000000 1.000000
0.997895 0.002110 0.064810 -0.000000 -0.005166 0.998880 0.047027 0.107100 -0.064638 -0.047263 0.996789 -0.011500 0.000000 0.000000 0.000000 1.000000
0.997785 0.002142 0.066489 -0.000000 -0.005970 0.998331 0.057435 0.107100 -0.066255 -0.057705 0.996133 -0.011500 0.000000 0.000000 0.000000 1.000000
0.998224 -0.000962 0.059560 0.000000 -0.002368 0.998438 0.055813 0.107100 -0.059521 -0.055855 0.996663 -0.011500 0.000000 0.000000 0.000000 1.000000
0.998798 -0.001455 0.048998 0.000000 -0.000961 0.998786 0.049258 0.107100 -0.049010 -0.049246 0.997583 -0.011500 0.000000 0.000000 0.000000 1.000000
0.999230 -0.003529 0.039088 -0.000000 0.001964 0.999197 0.040010 0.107100 -0.039198 -0.039903 0.998434 -0.011500 0.000000 0.000000 0.000000 1.000000
0.999473 0.004103 0.032194 0.000000 -0.004998 0.999602 0.027781 0.107100 -0.032067 -0.027927 0.999095 -0.011500 0.000000 0.000000 0.000000 1.000000
0.999834 0.005296 0.017411 -0.000000 -0.005637 0.999792 0.019591 0.107100 -0.017304 -0.019686 0.999656 -0.011500 0.000000 0.000000 0.000000 1.000000
0.999976 0.002525 -0.006378 -0.000000 -0.002444 0.999916 0.012738 0.107100 0.006409 -0.012722 0.999899 -0.011500 0.000000 0.000000 0.000000 1.000000
0.999473 -0.012239 -0.030072 -0.000000 0.012574 0.999861 0.010982 0.107100 0.029934 -0.011354 0.999487 -0.011500 0.000000 0.000000 0.000000 1.000000
0.998357 -0.031942 -0.047578 0.000000 0.032839 0.999295 0.018188 0.107100 0.046963 -0.019721 0.998702 -0.011500 0.000000 0.000000 0.000000 1.000000
0.997691 -0.033390 -0.059139 0.000000 0.035132 0.998972 0.028662 0.107100 0.058121 -0.030673 0.997838 -0.011500 0.000000 0.000000 0.000000 1.000000
0.997158 -0.030298 -0.068975 -0.000000 0.032765 0.998853 0.034917 0.107100 0.067838 -0.037078 0.997007 -0.011500 0.000000 0.000000 0.000000 1.000000
0.997494 -0.024274 -0.066450 0.000000 0.026284 0.999218 0.029543 0.107100 0.065681 -0.031216 0.997352 -0.011500 0.000000 0.000000 0.000000 1.000000
0.998412 -0.021978 -0.051866 0.000000 0.023340 0.999394 0.025807 0.107100 0.051267 -0.026977 0.998321 -0.011500 0.000000 0.000000 0.000000 1.000000
0.998732 -0.020689 -0.045903 0.000000 0.021816 0.999469 0.024185 0.107100 0.045378 -0.025156 0.998653 -0.011500 0.000000 0.000000 0.000000 1.000000
0.999091 -0.022433 -0.036235 -0.000000 0.023205 0.999510 0.021024 0.107100 0.035746 -0.021846 0.999122 -0.011500 0.000000 0.000000 0.000000 1.000000
0.999305 -0.030098 -0.022013 -0.000000 0.030451 0.999410 0.015907 0.107100 0.021521 -0.016566 0.999631 -0.011500 0.000000 0.000000 0.000000 1.000000
0.999304 -0.036537 -0.007588 -0.000000 0.036644 0.999223 0.014533 0.107100 0.007051 -0.014801 0.999866 -0.011500 0.000000 0.000000 0.000000 1.000000
0.999558 -0.018706 0.023110 -0.000000 0.018221 0.999613 0.021003 0.107100 -0.023494 -0.020573 0.999512 -0.011500 0.000000 0.000000 0.000000 1.000000</float_array>
          <technique_common>
            <accessor source="#mixamorig_Spine-Matrix-animation-output-transform-array" count="22" stride="16">
              <param type="float4x4"/>
            </accessor>
          </technique_common>
        </source>
        <source id="mixamorig_Spine-Interpolations">
          <Name_array id="mixamorig_Spine-Interpolations-array" count="22">
 LINEAR LINEAR LINEAR LINEAR LINEAR LINEAR LINEAR LINEAR LINEAR LINEAR LINEAR
LINEAR LINEAR LINEAR LINEAR LINEAR LINEAR LINEAR LINEAR LINEAR LINEAR LINEAR</Name_array>
          <technique_common>
            <accessor source="#mixamorig_Spine-Interpolations-array" count="22">
              <param type="name"/>
            </accessor>
          </technique_common>
        </source>
        <sampler id="mixamorig_Spine-Matrix-animation-transform">
          <input semantic="INPUT" source="#mixamorig_Spine-Matrix-animation-input"/>
          <input semantic="OUTPUT" source="#mixamorig_Spine-Matrix-animation-output-transform"/>
          <input semantic="INTERPOLATION" source="#mixamorig_Spine-Interpolations"/>
        </sampler>
        <channel source="#mixamorig_Spine-Matrix-animation-transform" target="mixamorig_Spine/matrix"/>
      </animation>
    </animation>
    <animation id="mixamorig_Spine1-anim" name="mixamorig_Spine1">
      <animation>
        <source id="mixamorig_Spine1-Matrix-animation-input">
          <float_array id="mixamorig_Spine1-Matrix-animation-input-array" count="22">

0.000000 0.033333 0.066667 0.100000 0.133333 0.166667 0.200000 0.233333 0.266667 0.300000 0.333333 0.366667 0.400000 0.433333 0.466667 0.500000
0.533333 0.566667 0.600000 0.633333 0.666667 0.700000</float_array>
          <technique_common>
            <accessor source="#mixamorig_Spine1-Matrix-animation-input-array" count="22">
              <param name="TIME" type="float"/>
            </accessor>
          </technique_common>
        </source>
        <source id="mixamorig_Spine1-Matrix-animation-output-transform">
          <float_array id="mixamorig_Spine1-Matrix-animation-output-transform-array" count="352">

0.998355 -0.035070 0.045362 -0.000000 0.042346 0.984369 -0.170954 0.125700 -0.038658 0.172594 0.984234 0.000000 0.000000 0.000000 0.000000 1.000000
0.995990 -0.022804 0.086515 -0.000000 0.036194 0.987012 -0.156517 0.125700 -0.081822 0.159021 0.983879 0.000000 0.000000 0.000000 0.000000 1.000000
0.992362 -0.009853 0.122964 -0.000000 0.027213 0.989733 -0.140311 0.125700 -0.120319 0.142585 0.982442 0.000000 0.000000 0.000000 0.000000 1.000000
0.989283 0.007068 0.145838 0.000000 0.010447 0.992841 -0.118984 0.125700 -0.145635 0.119232 0.982127 0.000000 0.000000 0.000000 0.000000 1.000000
0.986450 0.018228 0.163046 0.000000 -0.001988 0.995064 -0.099219 0.125700 -0.164050 0.097550 0.981617 0.000000 0.000000 0.000000 0.000000 1.000000
0.985806 0.019201 0.166784 0.000000 -0.001987 0.994703 -0.102772 0.125700 -0.167874 0.100982 0.980623 0.000000 0.000000 0.000000 0.000000 1.000000
0.987959 0.020916 0.153294 -0.000000 -0.003044 0.993256 -0.115905 0.125700 -0.154684 0.114043 0.981360 0.000000 0.000000 0.000000 0.000000 1.000000
0.990749 0.023400 0.133671 0.000000 -0.005264 0.990907 -0.134446 0.125700 -0.135602 0.132498 0.981864 -0.000000 0.000000 0.000000 0.000000 1.000000
0.993339 0.031762 0.110768 0.000000 -0.013882 0.987246 -0.158595 0.125700 -0.114392 0.156001 0.981111 0.000000 0.000000 0.000000 0.000000 1.000000
0.997490 0.033539 0.062353 0.000000 -0.022188 0.984399 -0.174548 0.125700 -0.067234 0.172726 0.982673 0.000000 0.000000 0.000000 0.000000 1.000000
0.999645 0.026536 -0.002200 0.000000 -0.026479 0.981969 -0.187180 0.125700 -0.002806 0.187172 0.982323 0.000000 0.000000 0.000000 0.000000 1.000000
0.998241 0.002691 -0.059225 0.000000 -0.013881 0.981809 -0.189363 0.125700 0.057638 0.189852 0.980119 -0.000000 0.000000 0.000000 0.000000 1.000000
0.994546 -0.028174 -0.100426 0.000000 0.010303 0.984655 -0.174210 0.125700 0.103793 0.172225 0.979574 -0.000000 0.000000 0.000000 0.000000 1.000000
0.989479 -0.048250 -0.136391 -0.000000 0.026816 0.987578 -0.154824 0.125700 0.142167 0.149538 0.978482 0.000000 0.000000 0.000000 0.000000 1.000000
0.985021 -0.061223 -0.161201 0.000000 0.037818 0.988789 -0.144449 0.125700 0.168238 0.136189 0.976293 0.000000 0.000000 0.000000 0.000000 1.000000
0.983948 -0.062690 -0.167081 -0.000000 0.036349 0.987043 -0.156284 0.125700 0.174714 0.147702 0.973478 -0.000000 0.000000 0.000000 0.000000 1.000000
0.986555 -0.062315 -0.151082 0.000000 0.037152 0.985763 -0.163988 0.125700 0.159150 0.156170 0.974824 0.000000 0.000000 0.000000 0.000000 1.000000
0.988146 -0.064148 -0.139470 -0.000000 0.040295 0.985036 -0.167571 0.125700 0.148132 0.159965 0.975945 -0.000000 0.000000 0.000000 0.000000 1.000000
0.991318 -0.062962 -0.115431 -0.000000 0.042316 0.983960 -0.173295 0.125700 0.124491 0.166906 0.978082 0.000000 0.000000 0.000000 0.000000 1.000000
0.995337 -0.066458 -0.069907 0.000000 0.052736 0.981791 -0.182499 0.125700 0.080763 0.177962 0.980717 0.000000 0.000000 0.000000 0.000000 1.000000
0.997375 -0.068392 -0.023768 0.000000 0.062864 0.980838 -0.184405 0.125700 0.035924 0.182427 0.982563 0.000000 0.000000 0.000000 0.000000 1.000000
0.998355 -0.035070 0.045362 -0.000000 0.042346 0.984369 -0.170954 0.125700 -0.038658 0.172594 0.984234 0.000000 0.000000 0.000000 0.000000 1.000000</float_array>
          <technique_common>
            <accessor source="#mixamorig_Spine1-Matrix-animation-output-transform-array" count="22" stride="16">
              <param type="float4x4"/>
            </accessor>
          </technique_common>
        </source>
        <source id="mixamorig_Spine1-Interpolations">
          <Name_array id="mixamorig_Spine1-Interpolations-array" count="22">
 LINEAR LINEAR LINEAR LINEAR LINEAR LINEAR LINEAR LINEAR LINEAR LINEAR LINEAR
LINEAR LINEAR LINEAR LINEAR LINEAR LINEAR LINEAR LINEAR LINEAR LINEAR LINEAR</Name_array>
          <technique_common>
            <accessor source="#mixamorig_Spine1-Interpolations-array" count="22">
              <param type="name"/>
            </accessor>
          </technique_common>
        </source>
        <sampler id="mixamorig_Spine1-Matrix-animation-transform">
          <input semantic="INPUT" source="#mixamorig_Spine1-Matrix-animation-input"/>
          <input semantic="OUTPUT" source="#mixamorig_Spine1-Matrix-animation-output-transform"/>
          <input semantic="INTERPOLATION" source="#mixamorig_Spine1-Interpolations"/>
        </sampler>
        <channel source="#mixamorig_Spine1-Matrix-animation-transform" target="mixamorig_Spine1/matrix"/>
      </animation>
    </animation>
    <animation id="mixamorig_Spine2-anim" name="mixamorig_Spine2">
      <animation>
        <source id="mixamorig_Spine2-Matrix-animation-input">
          <float_array id="mixamorig_Spine2-Matrix-animation-input-array" count="22">

0.000000 0.033333 0.066667 0.100000 0.133333 0.166667 0.200000 0.233333 0.266667 0.300000 0.333333 0.366667 0.400000 0.433333 0.466667 0.500000
0.533333 0.566667 0.600000 0.633333 0.666667 0.700000</float_array>
          <technique_common>
            <accessor source="#mixamorig_Spine2-Matrix-animation-input-array" count="22">
              <param name="TIME" type="float"/>
            </accessor>
          </technique_common>
        </source>
        <source id="mixamorig_Spine2-Matrix-animation-output-transform">
          <float_array id="mixamorig_Spine2-Matrix-animation-output-transform-array" count="352">

0.998355 -0.035069 0.045363 0.000000 0.042346 0.984369 -0.170954 0.143600 -0.038659 0.172594 0.984234 -0.000000 0.000000 0.000000 0.000000 1.000000
0.995990 -0.022804 0.086515 0.000000 0.036194 0.987012 -0.156517 0.143600 -0.081822 0.159021 0.983879 0.000000 0.000000 0.000000 0.000000 1.000000
0.992362 -0.009853 0.122964 -0.000000 0.027213 0.989733 -0.140311 0.143600 -0.120319 0.142585 0.982442 0.000000 0.000000 0.000000 0.000000 1.000000
0.989283 0.007068 0.145838 -0.000000 0.010447 0.992841 -0.118984 0.143600 -0.145635 0.119232 0.982127 0.000000 0.000000 0.000000 0.000000 1.000000
0.986450 0.018228 0.163045 0.000000 -0.001988 0.995064 -0.099218 0.143600 -0.164049 0.097549 0.981617 0.000000 0.000000 0.000000 0.000000 1.000000
0.985806 0.019201 0.166784 -0.000000 -0.001987 0.994703 -0.102772 0.143600 -0.167874 0.100982 0.980623 0.000000 0.000000 0.000000 0.000000 1.000000
0.987959 0.020916 0.153294 0.000000 -0.003044 0.993256 -0.115905 0.143600 -0.154684 0.114043 0.981360 -0.000000 0.000000 0.000000 0.000000 1.000000
0.990749 0.023400 0.133671 0.000000 -0.005264 0.990907 -0.134446 0.143600 -0.135602 0.132498 0.981864 -0.000000 0.000000 0.000000 0.000000 1.000000
0.993339 0.031762 0.110768 0.000000 -0.013882 0.987246 -0.158595 0.143600 -0.114392 0.156001 0.981111 0.000000 0.000000 0.000000 0.000000 1.000000
0.997490 0.033539 0.062353 0.000000 -0.022188 0.984399 -0.174548 0.143600 -0.067234 0.172726 0.982673 -0.000000 0.000000 0.000000 0.000000 1.000000
0.999645 0.026536 -0.002200 0.000000 -0.026479 0.981969 -0.187180 0.143600 -0.002806 0.187172 0.982323 0.000000 0.000000 0.000000 0.000000 1.000000
0.998241 0.002691 -0.059225 0.000000 -0.013881 0.981809 -0.189363 0.143600 0.057638 0.189852 0.980119 0.000000 0.000000 0.000000 0.000000 1.000000
0.994546 -0.028174 -0.100426 -0.000000 0.010303 0.984655 -0.174210 0.143600 0.103793 0.172225 0.979574 0.000000 0.000000 0.000000 0.000000 1.000000
0.989479 -0.048250 -0.136391 0.000000 0.026816 0.987578 -0.154824 0.143600 0.142167 0.149538 0.978482 0.000000 0.000000 0.000000 0.000000 1.000000
0.985021 -0.061223 -0.161201 -0.000000 0.037818 0.988789 -0.144449 0.143600 0.168238 0.136189 0.976293 0.000000 0.000000 0.000000 0.000000 1.000000
0.983948 -0.062690 -0.167081 0.000000 0.036349 0.987043 -0.156284 0.143600 0.174714 0.147702 0.973478 0.000000 0.000000 0.000000 0.000000 1.000000
0.986555 -0.062315 -0.151082 -0.000000 0.037152 0.985763 -0.163988 0.143600 0.159150 0.156170 0.974824 0.000000 0.000000 0.000000 0.000000 1.000000
0.988146 -0.064148 -0.139470 0.000000 0.040295 0.985036 -0.167571 0.143600 0.148132 0.159965 0.975945 0.000000 0.000000 0.000000 0.000000 1.000000
0.991318 -0.062962 -0.115431 0.000000 0.042316 0.983960 -0.173295 0.143600 0.124491 0.166906 0.978082 -0.000000 0.000000 0.000000 0.000000 1.000000
0.995337 -0.066458 -0.069907 0.000000 0.052736 0.981791 -0.182500 0.143600 0.080763 0.177962 0.980718 0.000000 0.000000 0.000000 0.000000 1.000000
0.997375 -0.068393 -0.023769 0.000000 0.062864 0.980838 -0.184405 0.143600 0.035925 0.182427 0.982563 0.000000 0.000000 0.000000 0.000000 1.000000
0.998355 -0.035069 0.045363 0.000000 0.042346 0.984369 -0.170954 0.143600 -0.038659 0.172594 0.984234 -0.000000 0.000000 0.000000 0.000000 1.000000</float_array>
          <technique_common>
            <accessor source="#mixamorig_Spine2-Matrix-animation-output-transform-array" count="22" stride="16">
              <param type="float4x4"/>
            </accessor>
          </technique_common>
        </source>
        <source id="mixamorig_Spine2-Interpolations">
          <Name_array id="mixamorig_Spine2-Interpolations-array" count="22">
 LINEAR LINEAR LINEAR LINEAR LINEAR LINEAR LINEAR LINEAR LINEAR LINEAR LINEAR
LINEAR LINEAR LINEAR LINEAR LINEAR LINEAR LINEAR LINEAR LINEAR LINEAR LINEAR</Name_array>
          <technique_common>
            <accessor source="#mixamorig_Spine2-Interpolations-array" count="22">
              <param type="name"/>
            </accessor>
          </technique_common>
        </source>
        <sampler id="mixamorig_Spine2-Matrix-animation-transform">
          <input semantic="INPUT" source="#mixamorig_Spine2-Matrix-animation-input"/>
          <input semantic="OUTPUT" source="#mixamorig_Spine2-Matrix-animation-output-transform"/>
          <input semantic="INTERPOLATION" source="#mixamorig_Spine2-Interpolations"/>
        </sampler>
        <channel source="#mixamorig_Spine2-Matrix-animation-transform" target="mixamorig_Spine2/matrix"/>
      </animation>
    </animation>
    <animation id="mixamorig_Neck-anim" name="mixamorig_Neck">
      <animation>
        <source id="mixamorig_Neck-Matrix-animation-input">
          <float_array id="mixamorig_Neck-Matrix-animation-input-array" count="22">

0.000000 0.033333 0.066667 0.100000 0.133333 0.166667 0.200000 0.233333 0.266667 0.300000 0.333333 0.366667 0.400000 0.433333 0.466667 0.500000
0.533333 0.566667 0.600000 0.633333 0.666667 0.700000</float_array>
          <technique_common>
            <accessor source="#mixamorig_Neck-Matrix-animation-input-array" count="22">
              <param name="TIME" type="float"/>
            </accessor>
          </technique_common>
        </source>
        <source id="mixamorig_Neck-Matrix-animation-output-transform">
          <float_array id="mixamorig_Neck-Matrix-animation-output-transform-array" count="352">

0.998465 0.007577 -0.054862 0.000000 -0.006288 0.999701 0.023625 0.161600 0.055025 -0.023244 0.998214 0.000000 0.000000 0.000000 0.000000 1.000000
0.996896 0.019105 -0.076371 0.000000 -0.017149 0.999510 0.026191 0.161600 0.076834 -0.024800 0.996735 0.000000 0.000000 0.000000 0.000000 1.000000
0.994094 0.009508 -0.108101 -0.000000 -0.008635 0.999926 0.008544 0.161600 0.108175 -0.007560 0.994103 0.000000 0.000000 0.000000 0.000000 1.000000
0.991785 0.010401 -0.127490 0.000000 -0.011714 0.999886 -0.009557 0.161600 0.127376 0.010972 0.991794 0.000000 0.000000 0.000000 0.000000 1.000000
0.989549 -0.007671 -0.143994 0.000000 -0.000129 0.998536 -0.054083 0.161600 0.144198 0.053536 0.988100 -0.000000 0.000000 0.000000 0.000000 1.000000
0.989677 -0.025513 -0.141026 -0.000000 0.013843 0.996443 -0.083120 0.161600 0.142645 0.080310 0.986510 0.000000 0.000000 0.000000 0.000000 1.000000
0.991887 -0.007040 -0.126924 0.000000 -0.002235 0.997345 -0.072784 0.161600 0.127099 0.072477 0.989239 0.000000 0.000000 0.000000 0.000000 1.000000
0.992798 -0.005584 -0.119669 -0.000000 -0.001834 0.998088 -0.061785 0.161600 0.119785 0.061560 0.990889 0.000000 0.000000 0.000000 0.000000 1.000000
0.993754 -0.023328 -0.109128 -0.000000 0.020722 0.999474 -0.024955 0.161600 0.109653 0.022537 0.993714 -0.000000 0.000000 0.000000 0.000000 1.000000
0.996500 -0.027115 -0.079078 0.000000 0.027108 0.999632 -0.001161 0.161600 0.079080 -0.000987 0.996868 -0.000000 0.000000 0.000000 0.000000 1.000000
0.999161 -0.012876 -0.038885 0.000000 0.013178 0.999885 0.007529 0.161600 0.038784 -0.008035 0.999215 0.000000 0.000000 0.000000 0.000000 1.000000
0.999112 -0.036680 -0.020744 -0.000000 0.037423 0.998628 0.036615 0.161600 0.019372 -0.037359 0.999114 0.000000 0.000000 0.000000 0.000000 1.000000
0.999287 0.021229 0.031229 -0.000000 -0.021935 0.999508 0.022427 0.161600 -0.030738 -0.023096 0.999261 0.000000 0.000000 0.000000 0.000000 1.000000
0.997906 0.004524 0.064527 0.000000 -0.007639 0.998813 0.048110 0.161600 -0.064233 -0.048502 0.996756 0.000000 0.000000 0.000000 0.000000 1.000000
0.996213 0.005410 0.086781 0.000000 -0.011128 0.997787 0.065546 0.161600 -0.086235 -0.066264 0.994069 0.000000 0.000000 0.000000 0.000000 1.000000
0.995232 0.013044 0.096662 0.000000 -0.020205 0.997092 0.073481 0.161600 -0.095422 -0.075084 0.992601 0.000000 0.000000 0.000000 0.000000 1.000000
0.995988 0.021532 0.086858 0.000000 -0.025951 0.998408 0.050076 0.161600 -0.085642 -0.052129 0.994961 0.000000 0.000000 0.000000 0.000000 1.000000
0.996209 0.031452 0.081110 0.000000 -0.034688 0.998645 0.038796 0.161600 -0.079780 -0.041462 0.995950 0.000000 0.000000 0.000000 0.000000 1.000000
0.995684 0.055416 0.074446 -0.000000 -0.059005 0.997155 0.046901 0.161600 -0.071635 -0.051091 0.996122 0.000000 0.000000 0.000000 0.000000 1.000000
0.998210 0.047049 0.036931 0.000000 -0.049070 0.997231 0.055880 0.161600 -0.034200 -0.057592 0.997754 0.000000 0.000000 0.000000 0.000000 1.000000
0.999081 0.042798 -0.002178 0.000000 -0.042644 0.997935 0.048030 0.161600 0.004229 -0.047893 0.998844 0.000000 0.000000 0.000000 0.000000 1.000000
0.998465 0.007577 -0.054862 0.000000 -0.006288 0.999701 0.023625 0.161600 0.055025 -0.023244 0.998214 0.000000 0.000000 0.000000 0.000000 1.000000</float_array>
          <technique_common>
            <accessor source="#mixamorig_Neck-Matrix-animation-output-transform-array" count="22" stride="16">
              <param type="float4x4"/>
            </accessor>
          </technique_common>
        </source>
        <source id="mixamorig_Neck-Interpolations">
          <Name_array id="mixamorig_Neck-Interpolations-array" count="22">
 LINEAR LINEAR LINEAR LINEAR LINEAR LINEAR LINEAR LINEAR LINEAR LINEAR LINEAR
LINEAR LINEAR LINEAR LINEAR LINEAR LINEAR LINEAR LINEAR LINEAR LINEAR LINEAR</Name_array>
          <technique_common>
            <accessor source="#mixamorig_Neck-Interpolations-array" count="22">
              <param type="name"/>
            </accessor>
          </technique_common>
        </source>
        <sampler id="mixamorig_Neck-Matrix-animation-transform">
          <input semantic="INPUT" source="#mixamorig_Neck-Matrix-animation-input"/>
          <input semantic="OUTPUT" source="#mixamorig_Neck-Matrix-animation-output-transform"/>
          <input semantic="INTERPOLATION" source="#mixamorig_Neck-Interpolations"/>
        </sampler>
        <channel source="#mixamorig_Neck-Matrix-animation-transform" target="mixamorig_Neck/matrix"/>
      </animation>
    </animation>
    <animation id="mixamorig_Head-anim" name="mixamorig_Head">
      <animation>
        <source id="mixamorig_Head-Matrix-animation-input">
          <float_array id="mixamorig_Head-Matrix-animation-input-array" count="22">

0.000000 0.033333 0.066667 0.100000 0.133333 0.166667 0.200000 0.233333 0.266667 0.300000 0.333333 0.366667 0.400000 0.433333 0.466667 0.500000
0.533333 0.566667 0.600000 0.633333 0.666667 0.700000</float_array>
          <technique_common>
            <accessor source="#mixamorig_Head-Matrix-animation-input-array" count="22">
              <param name="TIME" type="float"/>
            </accessor>
          </technique_common>
        </source>
        <source id="mixamorig_Head-Matrix-animation-output-transform">
          <float_array id="mixamorig_Head-Matrix-animation-output-transform-array" count="352">

0.987594 0.090815 -0.128108 0.000000 -0.057729 0.968649 0.241632 0.071700 0.146036 -0.231239 0.961874 0.025500 0.000000 0.000000 0.000000 1.000000
0.975794 0.083797 -0.201999 0.000000 -0.042689 0.978893 0.199864 0.071700 0.214484 -0.186403 0.958776 0.025500 0.000000 0.000000 0.000000 1.000000
0.957954 0.084561 -0.274178 0.000000 -0.037338 0.984198 0.173088 0.071700 0.284482 -0.155573 0.945974 0.025500 0.000000 0.000000 0.000000 1.000000
0.940384 0.052648 -0.336014 0.000000 -0.015806 0.993644 0.111451 0.071700 0.339746 -0.099496 0.935240 0.025500 0.000000 0.000000 0.000000 1.000000
0.931204 0.051045 -0.360907 -0.000000 -0.014225 0.994480 0.103953 0.071700 0.364222 -0.091667 0.926790 0.025500 0.000000 0.000000 0.000000 1.000000
0.942001 0.065987 -0.329058 -0.000000 -0.028124 0.992552 0.118530 0.071700 0.334428 -0.102401 0.936841 0.025500 0.000000 0.000000 0.000000 1.000000
0.944878 0.027019 -0.326307 0.000000 0.003491 0.995702 0.092555 0.071700 0.327405 -0.088592 0.940722 0.025500 0.000000 0.000000 0.000000 1.000000
0.945484 -0.009168 -0.325539 0.000000 0.043518 0.994196 0.098393 0.071700 0.322748 -0.107196 0.940395 0.025500 0.000000 0.000000 0.000000 1.000000
0.956296 -0.033052 -0.290527 0.000000 0.074931 0.988114 0.134226 0.071700 0.282637 -0.150130 0.947406 0.025500 0.000000 0.000000 0.000000 1.000000
0.972242 -0.061276 -0.225809 -0.000000 0.110912 0.970474 0.214192 0.071700 0.206017 -0.233292 0.950332 0.025500 0.000000 0.000000 0.000000 1.000000
0.984650 -0.083840 -0.153086 0.000000 0.121701 0.958489 0.257850 0.071700 0.125113 -0.272523 0.953980 0.025500 0.000000 0.000000 0.000000 1.000000
0.996402 -0.054170 -0.065186 0.000000 0.069101 0.964549 0.254695 0.071700 0.049079 -0.258283 0.964822 0.025500 0.000000 0.000000 0.000000 1.000000
0.998550 -0.053495 0.005989 0.000000 0.050330 0.967300 0.248591 0.071700 -0.019092 -0.247929 0.968590 0.025500 0.000000 0.000000 0.000000 1.000000
0.991852 -0.027531 0.124383 0.000000 0.005422 0.984607 0.174702 0.071700 -0.127279 -0.172604 0.976733 0.025500 0.000000 0.000000 0.000000 1.000000
0.982253 -0.006468 0.187448 0.000000 -0.024852 0.986105 0.164252 0.071700 -0.185905 -0.165995 0.968445 0.025500 0.000000 0.000000 0.000000 1.000000
0.978102 -0.001826 0.208116 0.000000 -0.036766 0.982719 0.181417 0.071700 -0.204851 -0.185096 0.961133 0.025500 0.000000 0.000000 0.000000 1.000000
0.980500 0.033285 0.193679 -0.000000 -0.072698 0.977071 0.200120 0.071700 -0.182577 -0.210298 0.960438 0.025500 0.000000 0.000000 0.000000 1.000000
0.982984 0.052703 0.175966 -0.000000 -0.088757 0.974980 0.203805 0.071700 -0.160822 -0.215955 0.963068 0.025500 0.000000 0.000000 0.000000 1.000000
0.992033 0.037551 0.120252 0.000000 -0.063202 0.974074 0.217223 0.071700 -0.108977 -0.223093 0.968686 0.025500 0.000000 0.000000 0.000000 1.000000
0.996762 0.064214 0.048391 0.000000 -0.074679 0.962409 0.261135 0.071700 -0.029803 -0.263903 0.964089 0.025500 0.000000 0.000000 0.000000 1.000000
0.996117 0.077052 -0.042591 0.000000 -0.063277 0.962947 0.262160 0.071700 0.061213 -0.258447 0.964084 0.025500 0.000000 0.000000 0.000000 1.000000
0.987594 0.090815 -0.128108 0.000000 -0.057729 0.968649 0.241632 0.071700 0.146036 -0.231239 0.961874 0.025500 0.000000 0.000000 0.000000 1.000000</float_array>
          <technique_common>
            <accessor source="#mixamorig_Head-Matrix-animation-output-transform-array" count="22" stride="16">
              <param type="float4x4"/>
            </accessor>
          </technique_common>
        </source>
        <source id="mixamorig_Head-Interpolations">
          <Name_array id="mixamorig_Head-Interpolations-array" count="22">
 LINEAR LINEAR LINEAR LINEAR LINEAR LINEAR LINEAR LINEAR LINEAR LINEAR LINEAR
LINEAR LINEAR LINEAR LINEAR LINEAR LINEAR LINEAR LINEAR LINEAR LINEAR LINEAR</Name_array>
          <technique_common>
            <accessor source="#mixamorig_Head-Interpolations-array" count="22">
              <param type="name"/>
            </accessor>
          </technique_common>
        </source>
        <sampler id="mixamorig_Head-Matrix-animation-transform">
          <input semantic="INPUT" source="#mixamorig_Head-Matrix-animation-input"/>
          <input semantic="OUTPUT" source="#mixamorig_Head-Matrix-animation-output-transform"/>
          <input semantic="INTERPOLATION" source="#mixamorig_Head-Interpolations"/>
        </sampler>
        <channel source="#mixamorig_Head-Matrix-animation-transform" target="mixamorig_Head/matrix"/>
      </animation>
    </animation>
    <animation id="mixamorig_LeftShoulder-anim" name="mixamorig_LeftShoulder">
      <animation>
        <source id="mixamorig_LeftShoulder-Matrix-animation-input">
          <float_array id="mixamorig_LeftShoulder-Matrix-animation-input-array" count="22">

0.000000 0.033333 0.066667 0.100000 0.133333 0.166667 0.200000 0.233333 0.266667 0.300000 0.333333 0.366667 0.400000 0.433333 0.466667 0.500000
0.533333 0.566667 0.600000 0.633333 0.666667 0.700000</float_array>
          <technique_common>
            <accessor source="#mixamorig_LeftShoulder-Matrix-animation-input-array" count="22">
              <param name="TIME" type="float"/>
            </accessor>
          </technique_common>
        </source>
        <source id="mixamorig_LeftShoulder-Matrix-animation-output-transform">
          <float_array id="mixamorig_LeftShoulder-Matrix-animation-output-transform-array" count="352">

-0.031747 0.880561 -0.472869 0.062400 0.025831 -0.472227 -0.881099 0.139400 -0.999162 -0.040187 -0.007754 -0.002300 0.000000 0.000000 0.000000 1.000000
-0.045867 0.885179 -0.462985 0.062400 0.026305 -0.462242 -0.886364 0.139400 -0.998601 -0.052834 -0.002083 -0.002300 0.000000 0.000000 0.000000 1.000000
-0.061948 0.890761 -0.450229 0.062400 0.026476 -0.449470 -0.892902 0.139400 -0.997728 -0.067234 0.004260 -0.002300 0.000000 0.000000 0.000000 1.000000
-0.077587 0.895988 -0.437248 0.062400 0.026154 -0.436590 -0.899280 0.139400 -0.996642 -0.081208 0.010440 -0.002300 0.000000 0.000000 0.000000 1.000000
-0.089043 0.899174 -0.428437 0.062400 0.025568 -0.427940 -0.903446 0.139400 -0.995700 -0.091400 0.015115 -0.002300 0.000000 0.000000 0.000000 1.000000
-0.091503 0.898393 -0.429555 0.062400 0.025385 -0.429120 -0.902890 0.139400 -0.995481 -0.093522 0.016460 -0.002300 0.000000 0.000000 0.000000 1.000000
-0.081279 0.892648 -0.443366 0.062400 0.025925 -0.442794 -0.896249 0.139400 -0.996354 -0.084341 0.012848 -0.002300 0.000000 0.000000 0.000000 1.000000
-0.058106 0.882887 -0.465978 0.062400 0.026407 -0.465244 -0.884789 0.139400 -0.997961 -0.063716 0.003719 -0.002300 0.000000 0.000000 0.000000 1.000000
-0.025969 0.872422 -0.488063 0.062400 0.025794 -0.487480 -0.872754 0.139400 -0.999330 -0.035254 -0.009844 -0.002300 0.000000 0.000000 0.000000 1.000000
0.008186 0.865283 -0.501217 0.062400 0.024338 -0.501258 -0.864955 0.139400 -0.999670 -0.005118 -0.025163 -0.002300 0.000000 0.000000 0.000000 1.000000
0.036648 0.863184 -0.503559 0.062400 0.023278 -0.504499 -0.863098 0.139400 -0.999057 0.019909 -0.038582 -0.002300 0.000000 0.000000 0.000000 1.000000
0.053295 0.864341 -0.500074 0.062400 0.023163 -0.501721 -0.864719 0.139400 -0.998310 0.034502 -0.046760 -0.002300 0.000000 0.000000 0.000000 1.000000
0.056646 0.865803 -0.497169 0.062400 0.023455 -0.498985 -0.866293 0.139400 -0.998119 0.037411 -0.048573 -0.002300 0.000000 0.000000 0.000000 1.000000
0.051460 0.865787 -0.497760 0.062400 0.023606 -0.499336 -0.866087 0.139400 -0.998396 0.032819 -0.046134 -0.002300 0.000000 0.000000 0.000000 1.000000
0.045625 0.864392 -0.500745 0.062400 0.023541 -0.502058 -0.864513 0.139400 -0.998681 0.027655 -0.043255 -0.002300 0.000000 0.000000 0.000000 1.000000
0.044151 0.862441 -0.504229 0.062400 0.023316 -0.505473 -0.862527 0.139400 -0.998753 0.026325 -0.042426 -0.002300 0.000000 0.000000 0.000000 1.000000
0.046077 0.860571 -0.507242 0.062400 0.023013 -0.508560 -0.860719 0.139400 -0.998673 0.027986 -0.043237 -0.002300 0.000000 0.000000 0.000000 1.000000
0.046372 0.859774 -0.508564 0.062400 0.022884 -0.509892 -0.859934 0.139400 -0.998662 0.028239 -0.043320 -0.002300 0.000000 0.000000 0.000000 1.000000
0.039971 0.861674 -0.505885 0.062400 0.023286 -0.506955 -0.861658 0.139400 -0.998929 0.022661 -0.040328 -0.002300 0.000000 0.000000 0.000000 1.000000
0.024309 0.867053 -0.497623 0.062400 0.024253 -0.498135 -0.866760 0.139400 -0.999410 0.009001 -0.033138 -0.002300 0.000000 0.000000 0.000000 1.000000
-0.000282 0.874256 -0.485464 0.062400 0.025279 -0.485303 -0.873980 0.139400 -0.999680 -0.012518 -0.021964 -0.002300 0.000000 0.000000 0.000000 1.000000
-0.031747 0.880561 -0.472869 0.062400 0.025831 -0.472227 -0.881099 0.139400 -0.999162 -0.040187 -0.007754 -0.002300 0.000000 0.000000 0.000000 1.000000</float_array>
          <technique_common>
            <accessor source="#mixamorig_LeftShoulder-Matrix-animation-output-transform-array" count="22" stride="16">
              <param type="float4x4"/>
            </accessor>
          </technique_common>
        </source>
        <source id="mixamorig_LeftShoulder-Interpolations">
          <Name_array id="mixamorig_LeftShoulder-Interpolations-array" count="22">
 LINEAR LINEAR LINEAR LINEAR LINEAR LINEAR LINEAR LINEAR LINEAR LINEAR LINEAR
LINEAR LINEAR LINEAR LINEAR LINEAR LINEAR LINEAR LINEAR LINEAR LINEAR LINEAR</Name_array>
          <technique_common>
            <accessor source="#mixamorig_LeftShoulder-Interpolations-array" count="22">
              <param type="name"/>
            </accessor>
          </technique_common>
        </source>
        <sampler id="mixamorig_LeftShoulder-Matrix-animation-transform">
          <input semantic="INPUT" source="#mixamorig_LeftShoulder-Matrix-animation-input"/>
          <input semantic="OUTPUT" source="#mixamorig_LeftShoulder-Matrix-animation-output-transform"/>
          <input semantic="INTERPOLATION" source="#mixamorig_LeftShoulder-Interpolations"/>
        </sampler>
        <channel source="#mixamorig_LeftShoulder-Matrix-animation-transform" target="mixamorig_LeftShoulder/matrix"/>
      </animation>
